60
60
0
3599
0 1
1 0 61
2 3 62
3 2 4
4 3 5
5 4 6
6 5 66
7 8
8 7 9 68
9 8 10
10 9 11
11 10 71
12 13
13 12 14
14 13 74
15 16 75
16 15 76
17 18 77
18 17 19
19 18 79
20 21 80
21 20 22
22 21 23
23 22 24 83
24 23 84
25 26 85
26 25 27
27 26 28
28 27
29 30 89
30 29 31
31 30 32
32 31 33
33 32 34
34 33 35 94
35 34 36
36 35 96
37 38
38 37 39 98
39 38 40
40 39 41
41 40 101
42 43 102
43 42 44
44 43 104
45 46
46 45 47
47 46 48
48 47 49 108
49 48 109
50 51
51 50 52
52 51 53
53 52 54 113
54 53 55 114
55 54 56
56 55 116
57 58 117
58 57 59
59 58
60 61 120
61 1 60
62 2 63
63 62 123
64 65
65 64 125
66 6 67
67 66 127
68 8 128
69 70
70 69 71
71 11 70 72
72 71 73
73 72 133
74 14 75 134
75 15 74
76 16 77
77 17 76 78
78 77
79 19 80
80 20 79
81 82 141
82 81 83
83 23 82
84 24 144
85 25 86 145
86 85 146
87 88 147
88 87 89
89 29 88
90 150
91 92 151
92 91 93
93 92 153
94 34 95
95 94 155
96 36 97
97 96 98
98 38 97
99 100
100 99 101
101 41 100 161
102 42 162
103 104
104 44 103 105
105 104 106
106 105 107
107 106 108
108 48 107
109 49 110
110 109 111
111 110 112
112 111 172
113 53
114 54 115
115 114 175
116 56 117
117 57 116
118 119 178
119 118 179
120 60 180
121 122 181
122 121 123
123 63 122
124 125 184
125 65 124 126
126 125 186
127 67 187
128 68 129
129 128 189
130 131 190
131 130 191
132 133 192
133 73 132
134 74 135
135 134 195
136 137 196
137 136 138
138 137 139
139 138 140
140 139 141
141 81 140
142 202
143 144 203
144 84 143
145 85 205
146 86 147
147 87 146
148 149 208
149 148 150
150 90 149 210
151 91 211
152 153
153 93 152 154
154 153 155
155 95 154
156 157 216
157 156 158
158 157 159
159 158 160
160 159 220
161 101 162
162 102 161
163 164 223
164 163 224
165 166 225
166 165 226
167 227
168 169 228
169 168 170
170 169 171
171 170 231
172 112 232
173 174 233
174 173 234
175 115 235
176 177 236
177 176 237
178 118 238
179 119 239
180 120 181
181 121 180
182 183
183 182 184 243
184 124 183 244
185 186
186 126 185
187 127 188
188 187 248
189 129 190
190 130 189
191 131 251
192 132 193
193 192 194
194 193 254
195 135 255
196 136 256
197 198 257
198 197 199
199 198 259
200 201 260
201 200 261
202 142 203 262
203 143 202
204 264
205 145 265
206 207 266
207 206 208
208 148 207 268
209 269
210 150 270
211 151 212
212 211 213
213 212 273
214 215 274
215 214 216
216 156 215
217 218 277
218 217 219
219 218 279
220 160 221
221 220 222
222 221 223
223 163 222
224 164 225
225 165 224
226 166 286
227 167 287
228 168 229
229 228 289
230 231 290
231 171 230
232 172 233 292
233 173 232
234 174 235
235 175 234 295
236 176 296
237 177 238
238 178 237
239 179 299
240 241 300
241 240 242
242 241 243 302
243 183 242
244 184
245 246 305
246 245 247
247 246 307
248 188 249
249 248 250
250 249 251
251 191 250
252 253 312
253 252 254
254 194 253
255 195
256 196 257
257 197 256
258 259 318
259 199 258
260 200
261 201 321
262 202 322
263 264 323
264 204 263 324
265 205 325
266 206
267 268 327
268 208 267
269 209 329
270 210 271
271 270 272 331
272 271
273 213 333
274 214 334
275 276 335
276 275 336
277 217 278
278 277 338
279 219 280
280 279 281 340
281 280 282
282 281
283 284 343
284 283 344
285 286 345
286 226 285
287 227 288
288 287 289
289 229 288
290 230 291 350
291 290 292
292 232 291
293 294 353
294 293 354
295 235
296 236 297
297 296 298 357
298 297
299 239 359
300 240 301
301 300 361
302 242 303
303 302 304
304 303 364
305 245 365
306 366
307 247 308
308 307 368
309 310 369
310 309 311
311 310 312
312 252 311
313 373
314 315 374
315 314 316 375
316 315 317
317 316 318
318 258 317
319 320 379
320 319 321
321 261 320 381
322 262 382
323 263
324 264 325
325 265 324 385
326 327 386
327 267 326
328 329 388
329 269 328 330
330 329 390
331 271 391
332 333 392
333 273 332
334 274 394
335 275 395
336 276 396
337 397
338 278 339
339 338 399
340 280 341
341 340 342
342 341 402
343 283 403
344 284 404
345 285 346
346 345 406
347 348 407
348 347 349
349 348 409
350 290 351
351 350 411
352 353 412
353 293 352
354 294 355
355 354 356
356 355 357
357 297 356
358 359 418
359 299 358
360 361 420
361 301 360
362 363
363 362 423
364 304 365
365 305 364 366
366 306 365
367 368 427
368 308 367 428
369 309 370
370 369 371
371 370 372
372 371 432
373 313 374
374 314 373
375 315 435
376 377 436
377 376 378
378 377 379
379 319 378
380 381
381 321 380
382 322 383
383 382 384
384 383 444
385 325 386
386 326 385
387 388 447
388 328 387
389 390
390 330 389
391 331 451
392 332 452
393 394 453
394 334 393
395 335 455
396 336 397
397 337 396 457
398 458
399 339 400
400 399 460
401 402 461
402 342 401
403 343 463
404 344 405
405 404 406
406 346 405
407 347 467
408 409 468
409 349 408
410 411
411 351 410
412 352 472
413 414 473
414 413 474
415 416 475
416 415 417
417 416
418 358 419
419 418 479
420 360 480
421 422 481
422 421 423
423 363 422 483
424 425 484
425 424 426
426 425 427
427 367 426
428 368 488
429 430
430 429 431 490
431 430
432 372 433
433 432 434
434 433 435
435 375 434
436 376 496
437 438 497
438 437 439
439 438 440
440 439 441
441 440 501
442 443 502
443 442 503
444 384 504
445 505
446 447 506
447 387 446 448
448 447 449
449 448 450
450 449 451
451 391 450
452 392 512
453 393 513
454 455
455 395 454 515
456 457
457 397 456 458
458 398 457
459 460 519
460 400 459
461 401 462
462 461 522
463 403 464
464 463 524
465 466 525
466 465 467
467 407 466
468 408 469
469 468 470
470 469 471
471 470 472
472 412 471 473
473 413 472
474 414 475
475 415 474
476 477 536
477 476 478
478 477 538
479 419 539
480 420 481
481 421 480
482 483 542
483 423 482
484 424 544
485 486 545
486 485 546
487 488 547
488 428 487 489
489 488 490
490 430 489
491 492 551
492 491 493
493 492 494
494 493 495
495 494 496
496 436 495 556
497 437 557
498 499
499 498 500
500 499 560
501 441 502
502 442 501
503 443 504
504 444 503
505 445 506 565
506 446 505
507 508 567
508 507 509
509 508 569
510 511 570
511 510 512
512 452 511
513 453 573
514 515 574
515 455 514
516 517 576
517 516 518
518 517 519
519 459 518
520 521 580
521 520 522
522 462 521 523 582
523 522
524 464 525
525 465 524
526 527 586
527 526 528
528 527 529
529 528 530
530 529 531
531 530 532
532 531 533
533 532 534
534 533 535
535 534 536
536 476 535
537 538 597
538 478 537
539 479 599
540 541 600
541 540 601
542 482 602
543 544 603
544 484 543
545 485 605
546 486 547
547 487 546
548 608
549 550 609
550 549 610
551 491 611
552 553 612
553 552 554
554 553 614
555 556 615
556 496 555
557 497 558
558 557 559
559 558 619
560 500 561 620
561 560
562 563 622
563 562 564 623
564 563 624
565 505 625
566 567 626
567 507 566 568
568 567 628
569 509
570 510 571
571 570 572
572 571 573
573 513 572
574 514 634
575 576 635
576 516 575
577 578 637
578 577 579
579 578 580
580 520 579
581 641
582 522 642
583 584 643
584 583 585 644
585 584 645
586 526 646
587 588
588 587 589
589 588 590 649
590 589 591
591 590 651
592 593 652
593 592 594
594 593 595
595 594 596 655
596 595 656
597 537 598
598 597 658
599 539 659
600 540 660
601 541 602
602 542 601
603 543 663
604 605
605 545 604 606
606 605 666
607 608
608 548 607 668
609 549 669
610 550 611
611 551 610
612 552 672
613 614
614 554 613
615 555 616
616 615 676
617 618 677
618 617 619
619 559 618
620 560 621 680
621 620 622
622 562 621
623 563 683
624 564 684
625 565 685
626 566 627
627 626 687
628 568 629
629 628 630
630 629 631
631 630 632
632 631 633 692
633 632 693
634 574 635
635 575 634
636 637 696
637 577 636
638 639 698
639 638 699
640 641 700
641 581 640 642
642 582 641
643 583 703
644 584 704
645 585 705
646 586 706
647 648 707
648 647 708
649 589 709
650 651
651 591 650
652 592 653
653 652 713
654 714
655 595 715
656 596 657
657 656 717
658 598 718
659 599 719
660 600 661
661 660 721
662 722
663 603 664
664 663 665
665 664 725
666 606 667
667 666 727
668 608 728
669 609 670
670 669 730
671 672 731
672 612 671 732
673 674 733
674 673 734
675 676 735
676 616 675
677 617 678
678 677 738
679 739
680 620 740
681 682 741
682 681 683
683 623 682
684 624 744
685 625 686
686 685 746
687 627 688
688 687
689 690 749
690 689 691
691 690 692
692 632 691
693 633 753
694 695 754
695 694 755
696 636 697 756
697 696 757
698 638
699 639 700
700 640 699 760
701 702 761
702 701 703
703 643 702
704 644 764
705 645 765
706 646 766
707 647 767
708 648 768
709 649 710
710 709 770
711 712 771
712 711 713
713 653 712
714 654 774
715 655 775
716 776
717 657 777
718 658 719
719 659 718 779
720 721
721 661 720 722
722 662 721 782
723 724 783
724 723 725
725 665 724
726 786
727 667 787
728 668 788
729 730 789
730 670 729
731 671
732 672 792
733 673 793
734 674 735
735 675 734
736 737 796
737 736 738
738 678 737
739 679 740
740 680 739
741 681 742
742 741 743 802
743 742 803
744 684
745 746 805
746 686 745
747 748 807
748 747 749
749 689 748
750 751 810
751 750 752
752 751
753 693 754
754 694 753
755 695 815
756 696
757 697 817
758 759 818
759 758 819
760 700
761 701 821
762 763 822
763 762 764
764 704 763 824
765 705
766 706 767
767 707 766
768 708 769 828
769 768 829
770 710 830
771 711 831
772 773 832
773 772 774
774 714 773 834
775 715 835
776 716 777
777 717 776
778 779 838
779 719 778
780 781 840
781 780 841
782 722
783 723 843
784 785
785 784 786
786 726 785 787
787 727 786 788
788 728 787
789 729 790
790 789 850
791 792 851
792 732 791
793 733 794
794 793 795
795 794 796
796 736 795
797 798 857
798 797 799
799 798 800 859
800 799 801
801 800 861
802 742
803 743 804 863
804 803 864
805 745 806
806 805 807
807 747 806
808 809 868
809 808
810 750 811 870
811 810 812
812 811 813
813 812 814 873
814 813 874
815 755 816
816 815 876
817 757 818
818 758 817
819 759 820
820 819 821 880
821 761 820
822 762 882
823 824 883
824 764 823
825 826 885
826 825 827
827 826 887
828 768 888
829 769 889
830 770 831 890
831 771 830
832 772 833
833 832
834 774 894
835 775 836
836 835 837
837 836 897
838 778 839
839 838 899
840 780 900
841 781 842
842 841 843
843 783 842 903
844 845 904
845 844 846
846 845 906
847 848 907
848 847 908
849 850 909
850 790 849
851 791 852
852 851 853
853 852 854 913
854 853 855
855 854 856
856 855 916
857 797 858
858 857
859 799 860
860 859 920
861 801 862
862 861 922
863 803 923
864 804 924
865 866 925
866 865 867 926
867 866 927
868 808 869 928
869 868 870
870 810 869
871 872 931
872 871
873 813 933
874 814 934
875 935
876 816 877
877 876 878
878 877 879
879 878 939
880 820 940
881 882 941
882 822 881
883 823
884 885 944
885 825 884
886 946
887 827 947
888 828 948
889 829 949
890 830 891
891 890 892
892 891 893
893 892 953
894 834 895 954
895 894 955
896 897 956
897 837 896 898
898 897 958
899 839 959
900 840 901
901 900 961
902 962
903 843 963
904 844 964
905 965
906 846 907
907 847 906
908 848 968
909 849 969
910 911
911 910 912 971
912 911 913
913 853 912
914 915 974
915 914 975
916 856 976
917 918 977
918 917 919
919 918 979
920 860 980
921 922 981
922 862 921
923 863
924 864 925
925 865 924 985
926 866 986
927 867
928 868 988
929 930
930 929 931
931 871 930 991
932 933 992
933 873 932
934 874 935
935 875 934 995
936 937 996
937 936 938 997
938 937
939 879 999
940 880 1000
941 881 942
942 941 943
943 942 1003
944 884 1004
945 946
946 886 945 947
947 887 946 1007
948 888
949 889 1009
950 951
951 950 952
952 951 1012
953 893 1013
954 894
955 895 1015
956 896 957
957 956 1017
958 898
959 899 1019
960 961 1020
961 901 960
962 902 963
963 903 962
964 904 965
965 905 964 1025
966 967 1026
967 966
968 908 1028
969 909 970
970 969 1030
971 911 972
972 971 973
973 972 1033
974 914 1034
975 915 976
976 916 975
977 917 978 1037
978 977 1038
979 919 980
980 920 979
981 921 982
982 981 983
983 982 984
984 983 1044
985 925
986 926 987
987 986 1047
988 928 989
989 988 1049
990 991 1050
991 931 990
992 932 1052
993 994
994 993 995 1054
995 935 994
996 936 1056
997 937 1057
998 999 1058
999 939 998
1000 940 1060
1001 1002 1061
1002 1001 1003
1003 943 1002
1004 944 1005
1005 1004 1006
1006 1005 1066
1007 947 1008
1008 1007 1009
1009 949 1008
1010 1011 1070
1011 1010 1012
1012 952 1011
1013 953 1014
1014 1013 1074
1015 955 1016
1016 1015 1076
1017 957 1018
1018 1017 1019
1019 959 1018
1020 960 1021 1080
1021 1020 1022
1022 1021 1023
1023 1022 1024
1024 1023 1025
1025 965 1024
1026 966 1086
1027 1028 1087
1028 968 1027 1029
1029 1028
1030 970 1031
1031 1030 1091
1032 1033 1092
1033 973 1032
1034 974 1094
1035 1036
1036 1035 1037
1037 977 1036
1038 978 1039
1039 1038 1099
1040 1041 1100
1041 1040 1042
1042 1041 1102
1043 1044
1044 984 1043 1045
1045 1044 1046
1046 1045 1106
1047 987 1107
1048 1049 1108
1049 989 1048
1050 990 1051 1110
1051 1050 1111
1052 992 1053
1053 1052 1113
1054 994
1055 1056 1115
1056 996 1055
1057 997 1058
1058 998 1057
1059 1060 1119
1060 1000 1059
1061 1001 1062
1062 1061 1063
1063 1062 1064
1064 1063 1124
1065 1066 1125
1066 1006 1065
1067 1068 1127
1068 1067 1069
1069 1068 1070
1070 1010 1069 1130
1071 1072 1131
1072 1071 1073 1132
1073 1072
1074 1014 1075
1075 1074 1076
1076 1016 1075 1136
1077 1078
1078 1077 1079 1138
1079 1078 1139
1080 1020 1081
1081 1080 1141
1082 1083 1142
1083 1082 1084
1084 1083 1144
1085 1086
1086 1026 1085 1146
1087 1027 1088
1088 1087 1089
1089 1088 1090
1090 1089 1150
1091 1031 1151
1092 1032 1093 1152
1093 1092 1153
1094 1034 1095
1095 1094 1155
1096 1097 1156
1097 1096 1098
1098 1097 1158
1099 1039 1100
1100 1040 1099 1101
1101 1100 1161
1102 1042 1103
1103 1102 1104
1104 1103 1105
1105 1104 1165
1106 1046 1107
1107 1047 1106 1167
1108 1048 1109
1109 1108 1169
1110 1050
1111 1051 1112 1171
1112 1111 1172
1113 1053 1173
1114 1115 1174
1115 1055 1114
1116 1176
1117 1118 1177
1118 1117 1178
1119 1059 1179
1120 1121 1180
1121 1120 1122
1122 1121 1123
1123 1122 1183
1124 1064 1184
1125 1065 1185
1126 1127 1186
1127 1067 1126
1128 1129 1188
1129 1128
1130 1070 1131
1131 1071 1130
1132 1072 1133
1133 1132 1134 1193
1134 1133 1194
1135 1195
1136 1076 1196
1137 1138 1197
1138 1078 1137
1139 1079 1199
1140 1141 1200
1141 1081 1140
1142 1082 1143 1202
1143 1142 1203
1144 1084 1145
1145 1144 1205
1146 1086 1147
1147 1146 1207
1148 1149 1208
1149 1148 1209
1150 1090 1151
1151 1091 1150
1152 1092
1153 1093 1213
1154 1214
1155 1095 1215
1156 1096 1157
1157 1156 1217
1158 1098 1218
1159 1160 1219
1160 1159 1220
1161 1101
1162 1163 1222
1163 1162 1164
1164 1163 1165
1165 1105 1164
1166 1167 1226
1167 1107 1166
1168 1228
1169 1109 1170
1170 1169 1230
1171 1111
1172 1112 1232
1173 1113 1174
1174 1114 1173
1175 1176
1176 1116 1175 1177
1177 1117 1176
1178 1118 1179
1179 1119 1178
1180 1120 1181 1240
1181 1180 1182
1182 1181 1242
1183 1123 1184
1184 1124 1183
1185 1125 1245
1186 1126 1246
1187 1188
1188 1128 1187 1189
1189 1188 1190 1249
1190 1189 1191
1191 1190 1251
1192 1193 1252
1193 1133 1192
1194 1134 1195
1195 1135 1194 1255
1196 1136 1256
1197 1137 1257
1198 1258
1199 1139 1259
1200 1140 1201
1201 1200 1261
1202 1142 1262
1203 1143 1204
1204 1203 1264
1205 1145 1206
1206 1205 1207
1207 1147 1206
1208 1148 1268
1209 1149 1210 1269
1210 1209 1270
1211 1212 1271
1212 1211 1213
1213 1153 1212
1214 1154 1274
1215 1155 1216
1216 1215 1276
1217 1157 1277
1218 1158 1219
1219 1159 1218
1220 1160 1280
1221 1222 1281
1222 1162 1221
1223 1224 1283
1224 1223 1225 1284
1225 1224
1226 1166 1286
1227 1228 1287
1228 1168 1227 1229 1288
1229 1228 1289
1230 1170 1231
1231 1230 1232
1232 1172 1231 1233
1233 1232 1234
1234 1233 1235
1235 1234 1236
1236 1235 1296
1237 1238 1297
1238 1237 1239
1239 1238 1299
1240 1180 1241
1241 1240
1242 1182 1243 1302
1243 1242 1303
1244 1245 1304
1245 1185 1244
1246 1186 1247
1247 1246 1248
1248 1247 1249
1249 1189 1248
1250 1251
1251 1191 1250
1252 1192 1253
1253 1252 1313
1254 1255
1255 1195 1254
1256 1196 1257
1257 1197 1256
1258 1198 1259 1318
1259 1199 1258
1260 1261 1320
1261 1201 1260
1262 1202 1263
1263 1262
1264 1204 1265
1265 1264 1266
1266 1265 1267
1267 1266 1268
1268 1208 1267
1269 1209 1329
1270 1210 1271
1271 1211 1270
1272 1273 1332
1273 1272 1274 1333
1274 1214 1273 1275
1275 1274 1335
1276 1216 1336
1277 1217 1278
1278 1277 1338
1279 1280 1339
1280 1220 1279
1281 1221 1341
1282 1283 1342
1283 1223 1282 1343
1284 1224
1285 1286 1345
1286 1226 1285
1287 1227
1288 1228 1348
1289 1229 1290
1290 1289 1291
1291 1290 1292
1292 1291 1293
1293 1292 1353
1294 1295 1354
1295 1294
1296 1236 1356
1297 1237 1357
1298 1299
1299 1239 1298 1300
1300 1299 1301
1301 1300 1361
1302 1242 1362
1303 1243 1363
1304 1244 1364
1305 1306 1365
1306 1305 1307 1366
1307 1306 1308
1308 1307 1309
1309 1308 1310
1310 1309 1311
1311 1310 1312
1312 1311 1372
1313 1253 1373
1314 1315 1374
1315 1314 1375
1316 1317 1376
1317 1316 1377
1318 1258 1378
1319 1379
1320 1260 1321
1321 1320 1322
1322 1321 1323
1323 1322 1324
1324 1323 1325
1325 1324 1385
1326 1327 1386
1327 1326 1328
1328 1327 1329
1329 1269 1328
1330 1331
1331 1330 1332
1332 1272 1331
1333 1273 1334
1334 1333 1394
1335 1275 1395
1336 1276 1396
1337 1338 1397
1338 1278 1337
1339 1279 1399
1340 1341
1341 1281 1340 1401
1342 1282
1343 1283 1344
1344 1343 1404
1345 1285 1346
1346 1345 1406
1347 1348 1407
1348 1288 1347
1349 1350 1409
1350 1349 1351
1351 1350 1352
1352 1351 1353
1353 1293 1352 1354
1354 1294 1353
1355 1356 1415
1356 1296 1355
1357 1297 1358
1358 1357 1418
1359 1419
1360 1361 1420
1361 1301 1360
1362 1302
1363 1303 1423
1364 1304 1424
1365 1305
1366 1306 1367 1426
1367 1366 1427
1368 1369
1369 1368 1370 1429
1370 1369 1371
1371 1370
1372 1312 1373 1432
1373 1313 1372
1374 1314 1434
1375 1315 1435
1376 1316 1436
1377 1317 1378
1378 1318 1377
1379 1319 1439
1380 1381 1440
1381 1380 1382 1441
1382 1381 1383
1383 1382 1384
1384 1383
1385 1325 1445
1386 1326 1446
1387 1388 1447
1388 1387 1389
1389 1388 1449
1390 1391 1450
1391 1390 1451
1392 1393 1452
1393 1392 1453
1394 1334 1454
1395 1335
1396 1336 1397
1397 1337 1396
1398 1399 1458
1399 1339 1398
1400 1401 1460
1401 1341 1400 1461
1402 1403 1462
1403 1402 1463
1404 1344 1405 1464
1405 1404 1406
1406 1346 1405
1407 1347 1467
1408 1468
1409 1349 1469
1410 1411 1470
1411 1410 1412
1412 1411 1413
1413 1412 1473
1414 1415 1474
1415 1355 1414
1416 1417 1476
1417 1416 1477
1418 1358 1478
1419 1359 1479
1420 1360 1421 1480
1421 1420 1422
1422 1421 1423
1423 1363 1422 1483
1424 1364 1425
1425 1424 1485
1426 1366 1486
1427 1367 1428
1428 1427 1488
1429 1369 1430 1489
1430 1429 1490
1431 1432 1491
1432 1372 1431
1433 1434 1493
1434 1374 1433
1435 1375 1436
1436 1376 1435
1437 1438 1497
1438 1437 1498
1439 1379 1499
1440 1380 1500
1441 1381 1442
1442 1441 1443
1443 1442 1444
1444 1443 1504
1445 1385 1505
1446 1386 1447
1447 1387 1446 1448
1448 1447
1449 1389 1450
1450 1390 1449
1451 1391 1452
1452 1392 1451
1453 1393 1513
1454 1394 1455
1455 1454 1456
1456 1455 1457
1457 1456 1517
1458 1398 1518
1459 1460 1519
1460 1400 1459
1461 1401
1462 1402 1522
1463 1403 1523
1464 1404 1465 1524
1465 1464 1466
1466 1465 1467
1467 1407 1466
1468 1408 1469 1528
1469 1409 1468
1470 1410 1471
1471 1470 1531
1472 1532
1473 1413 1533
1474 1414 1534
1475 1476
1476 1416 1475 1536
1477 1417 1537
1478 1418 1538
1479 1419 1480
1480 1420 1479
1481 1482 1541
1482 1481 1542
1483 1423
1484 1485 1544
1485 1425 1484
1486 1426 1487
1487 1486 1547
1488 1428 1548
1489 1429
1490 1430 1550
1491 1431 1492
1492 1491 1552
1493 1433 1494
1494 1493 1554
1495 1496 1555
1496 1495 1497
1497 1437 1496
1498 1438 1499
1499 1439 1498 1559
1500 1440 1501
1501 1500 1561
1502 1503 1562
1503 1502 1563
1504 1444 1505
1505 1445 1504
1506 1507 1566
1507 1506 1508
1508 1507 1568
1509 1510 1569
1510 1509 1511
1511 1510 1512
1512 1511 1513
1513 1453 1512
1514 1515 1574
1515 1514 1516
1516 1515 1576
1517 1457 1577
1518 1458 1578
1519 1459 1520
1520 1519 1521 1580
1521 1520 1522
1522 1462 1521
1523 1463 1583
1524 1464
1525 1526 1585
1526 1525 1527
1527 1526 1587
1528 1468 1529
1529 1528 1589
1530 1531 1590
1531 1471 1530
1532 1472 1592
1533 1473 1593
1534 1474 1594
1535 1536 1595
1536 1476 1535
1537 1477 1538
1538 1478 1537 1598
1539 1540 1599
1540 1539 1541
1541 1481 1540
1542 1482 1602
1543 1544 1603
1544 1484 1543
1545 1546
1546 1545 1606
1547 1487 1607
1548 1488 1549
1549 1548 1609
1550 1490 1610
1551 1552 1611
1552 1492 1551
1553 1554 1613
1554 1494 1553
1555 1495 1615
1556 1557 1616
1557 1556 1558
1558 1557 1618
1559 1499
1560 1561 1620
1561 1501 1560
1562 1502 1622
1563 1503
1564 1565 1624
1565 1564 1566
1566 1506 1565 1626
1567 1627
1568 1508 1569 1628
1569 1509 1568
1570 1571 1630
1571 1570 1572
1572 1571 1573
1573 1572 1633
1574 1514 1634
1575 1635
1576 1516 1577
1577 1517 1576 1637
1578 1518 1579
1579 1578 1639
1580 1520
1581 1582 1641
1582 1581 1642
1583 1523 1584 1643
1584 1583 1644
1585 1525 1645
1586 1646
1587 1527 1647
1588 1648
1589 1529 1649
1590 1530 1650
1591 1592
1592 1532 1591 1593
1593 1533 1592
1594 1534 1595
1595 1535 1594
1596 1597 1656
1597 1596 1657
1598 1538 1658
1599 1539 1600
1600 1599 1601
1601 1600 1661
1602 1542 1603
1603 1543 1602
1604 1605 1664
1605 1604 1606
1606 1546 1605
1607 1547 1608
1608 1607 1668
1609 1549 1669
1610 1550 1611 1670
1611 1551 1610
1612 1613 1672
1613 1553 1612
1614 1674
1615 1555 1616 1675
1616 1556 1615
1617 1677
1618 1558 1619
1619 1618 1679
1620 1560 1621
1621 1620 1681
1622 1562 1623 1682
1623 1622 1683
1624 1564 1684
1625 1626 1685
1626 1566 1625
1627 1567 1628 1687
1628 1568 1627
1629 1630 1689
1630 1570 1629 1631
1631 1630
1632 1633 1692
1633 1573 1632
1634 1574 1694
1635 1575 1636 1695
1636 1635 1696
1637 1577 1638
1638 1637 1698
1639 1579 1640
1640 1639 1641
1641 1581 1640
1642 1582 1702
1643 1583
1644 1584 1704
1645 1585 1705
1646 1586 1706
1647 1587 1707
1648 1588 1649
1649 1589 1648 1650
1650 1590 1649
1651 1652 1711
1652 1651 1653
1653 1652 1713
1654 1655 1714
1655 1654 1656
1656 1596 1655 1716
1657 1597
1658 1598 1659 1718
1659 1658 1660
1660 1659
1661 1601 1721
1662 1663 1722
1663 1662 1723
1664 1604 1665 1724
1665 1664 1666
1666 1665 1667
1667 1666 1668
1668 1608 1667
1669 1609 1729
1670 1610 1730
1671 1672 1731
1672 1612 1671
1673 1733
1674 1614 1675 1734
1675 1615 1674 1676
1676 1675 1677
1677 1617 1676
1678 1679 1738
1679 1619 1678
1680 1681 1740
1681 1621 1680
1682 1622
1683 1623 1743
1684 1624 1744
1685 1625 1686
1686 1685 1746
1687 1627 1688
1688 1687 1748
1689 1629 1690
1690 1689 1750
1691 1692 1751
1692 1632 1691
1693 1694 1753
1694 1634 1693
1695 1635
1696 1636 1697 1756
1697 1696 1757
1698 1638 1758
1699 1700
1700 1699 1760
1701 1702 1761
1702 1642 1701
1703 1704 1763
1704 1644 1703
1705 1645 1706
1706 1646 1705 1766
1707 1647 1708
1708 1707 1709
1709 1708 1710
1710 1709 1770
1711 1651 1712 1771
1712 1711
1713 1653 1714
1714 1654 1713 1715
1715 1714
1716 1656 1776
1717 1718 1777
1718 1658 1717
1719 1720 1779
1720 1719 1721
1721 1661 1720
1722 1662 1782
1723 1663 1724
1724 1664 1723
1725 1726 1785
1726 1725 1727 1786
1727 1726 1728
1728 1727 1788
1729 1669 1789
1730 1670 1790
1731 1671 1732
1732 1731 1792
1733 1673 1734 1793
1734 1674 1733 1735
1735 1734
1736 1737 1796
1737 1736 1797
1738 1678 1739
1739 1738 1799
1740 1680 1741
1741 1740 1801
1742 1743 1802
1743 1683 1742
1744 1684 1804
1745 1805
1746 1686 1806
1747 1748
1748 1688 1747
1749 1750 1809
1750 1690 1749
1751 1691 1811
1752 1753
1753 1693 1752 1754 1813
1754 1753 1755
1755 1754 1815
1756 1696
1757 1697 1817
1758 1698 1759
1759 1758 1819
1760 1700 1820
1761 1701 1762
1762 1761 1822
1763 1703 1764
1764 1763 1765
1765 1764 1825
1766 1706 1826
1767 1768
1768 1767 1769 1828
1769 1768
1770 1710 1830
1771 1711 1831
1772 1773 1832
1773 1772 1774
1774 1773 1775
1775 1774 1835
1776 1716 1777 1836
1777 1717 1776
1778 1838
1779 1719 1839
1780 1781 1840
1781 1780
1782 1722 1783
1783 1782 1784
1784 1783 1844
1785 1725 1845
1786 1726 1787
1787 1786 1847
1788 1728 1848
1789 1729 1849
1790 1730 1850
1791 1792 1851
1792 1732 1791
1793 1733 1794
1794 1793
1795 1796 1855
1796 1736 1795 1856
1797 1737 1798
1798 1797 1799
1799 1739 1798
1800 1860
1801 1741 1861
1802 1742 1803 1862
1803 1802 1863
1804 1744 1805
1805 1745 1804 1865
1806 1746 1866
1807 1808 1867
1808 1807 1868
1809 1749 1869
1810 1870
1811 1751 1812
1812 1811 1872
1813 1753 1814
1814 1813 1874
1815 1755 1816
1816 1815 1876
1817 1757 1877
1818 1819 1878
1819 1759 1818
1820 1760 1880
1821 1822 1881
1822 1762 1821
1823 1824 1883
1824 1823 1884
1825 1765 1885
1826 1766 1827
1827 1826 1887
1828 1768 1829
1829 1828 1889
1830 1770 1831
1831 1771 1830
1832 1772 1892
1833 1834 1893
1834 1833 1835
1835 1775 1834
1836 1776 1837
1837 1836 1838
1838 1778 1837
1839 1779 1899
1840 1780 1841 1900
1841 1840 1842
1842 1841 1843
1843 1842 1903
1844 1784 1904
1845 1785 1905
1846 1847 1906
1847 1787 1846
1848 1788 1908
1849 1789 1909
1850 1790
1851 1791 1911
1852 1853
1853 1852 1854 1913
1854 1853 1914
1855 1795 1915
1856 1796 1916
1857 1858 1917
1858 1857 1859
1859 1858 1919
1860 1800 1861 1920
1861 1801 1860
1862 1802
1863 1803 1864 1923
1864 1863
1865 1805 1925
1866 1806 1867
1867 1807 1866
1868 1808 1869
1869 1809 1868 1870 1929
1870 1810 1869 1871
1871 1870
1872 1812 1873
1873 1872 1933
1874 1814 1875
1875 1874 1935
1876 1816 1936
1877 1817 1878
1878 1818 1877 1879
1879 1878 1880
1880 1820 1879 1940
1881 1821 1941
1882 1883 1942
1883 1823 1882
1884 1824 1944
1885 1825 1886 1945
1886 1885
1887 1827 1888
1888 1887 1889 1948
1889 1829 1888 1890
1890 1889 1891
1891 1890
1892 1832 1952
1893 1833 1953
1894 1895 1954
1895 1894 1896 1955
1896 1895 1897
1897 1896 1898
1898 1897 1899
1899 1839 1898
1900 1840 1960
1901 1902 1961
1902 1901 1903
1903 1843 1902 1963
1904 1844 1964
1905 1845
1906 1846 1966
1907 1967
1908 1848 1968
1909 1849 1910
1910 1909 1970
1911 1851 1912
1912 1911 1913
1913 1853 1912
1914 1854 1974
1915 1855 1975
1916 1856
1917 1857 1918 1977
1918 1917
1919 1859 1979
1920 1860 1921
1921 1920 1922
1922 1921 1982
1923 1863 1983
1924 1925 1984
1925 1865 1924
1926 1927 1986
1927 1926 1928
1928 1927 1988
1929 1869 1989
1930 1931 1990
1931 1930 1932
1932 1931 1992
1933 1873 1934 1993
1934 1933 1994
1935 1875
1936 1876 1937
1937 1936 1938
1938 1937 1998
1939 1940
1940 1880 1939
1941 1881 1942
1942 1882 1941
1943 1944 2003
1944 1884 1943
1945 1885 2005
1946 1947 2006
1947 1946 1948
1948 1888 1947
1949 1950 2009
1950 1949 1951
1951 1950 1952
1952 1892 1951
1953 1893 2013
1954 1894
1955 1895 1956 2015
1956 1955 1957
1957 1956 2017
1958 1959 2018
1959 1958
1960 1900 2020
1961 1901 2021
1962 1963 2022
1963 1903 1962
1964 1904 1965
1965 1964 1966
1966 1906 1965
1967 1907 2027
1968 1908 1969
1969 1968 2029
1970 1910 1971
1971 1970 1972
1972 1971 1973 2032
1973 1972 2033
1974 1914 2034
1975 1915 1976
1976 1975 1977
1977 1917 1976
1978 1979 2038
1979 1919 1978 2039
1980 1981 2040
1981 1980 1982
1982 1922 1981
1983 1923 1984
1984 1924 1983 1985
1985 1984 2045
1986 1926 2046
1987 2047
1988 1928 2048
1989 1929
1990 1930 2050
1991 1992 2051
1992 1932 1991
1993 1933 2053
1994 1934 1995
1995 1994 1996
1996 1995 1997
1997 1996 2057
1998 1938 1999
1999 1998 2000
2000 1999 2001 2060
2001 2000 2002 2061
2002 2001
2003 1943 2063
2004 2064
2005 1945 2006 2065
2006 1946 2005
2007 2008 2067
2008 2007
2009 1949 2069
2010 2011
2011 2010 2012
2012 2011 2013
2013 1953 2012 2014
2014 2013 2074
2015 1955 2075
2016 2076
2017 1957 2077
2018 1958 2019 2078
2019 2018 2079
2020 1960 2080
2021 1961 2081
2022 1962 2082
2023 2083
2024 2025 2084
2025 2024 2026
2026 2025 2027
2027 1967 2026 2028
2028 2027 2088
2029 1969 2089
2030 2031 2090
2031 2030
2032 1972 2092
2033 1973
2034 1974 2094
2035 2036 2095
2036 2035 2037
2037 2036 2038
2038 1978 2037
2039 1979 2099
2040 1980 2041
2041 2040 2101
2042 2043 2102
2043 2042 2103
2044 2045
2045 1985 2044
2046 1986 2106
2047 1987 2107
2048 1988 2049
2049 2048 2109
2050 1990 2110
2051 1991 2052
2052 2051 2112
2053 1993 2113
2054 2055 2114
2055 2054 2115
2056 2057 2116
2057 1997 2056
2058 2059 2118
2059 2058 2119
2060 2000 2120
2061 2001 2121
2062 2063 2122
2063 2003 2062
2064 2004 2065
2065 2005 2064 2066
2066 2065 2067
2067 2007 2066 2127
2068 2069 2128
2069 2009 2068
2070 2071 2130
2071 2070 2072
2072 2071 2073
2073 2072 2133
2074 2014 2134
2075 2015 2135
2076 2016 2136
2077 2017 2137
2078 2018 2138
2079 2019 2139
2080 2020 2140
2081 2021 2141
2082 2022 2083
2083 2023 2082
2084 2024 2085
2085 2084 2145
2086 2087 2146
2087 2086 2088
2088 2028 2087 2148
2089 2029 2149
2090 2030 2091 2150
2091 2090 2151
2092 2032 2093
2093 2092 2094
2094 2034 2093
2095 2035 2155
2096 2097 2156
2097 2096 2157
2098 2099 2158
2099 2039 2098
2100 2160
2101 2041 2161
2102 2042 2162
2103 2043 2104
2104 2103 2105
2105 2104 2106
2106 2046 2105
2107 2047 2108 2167
2108 2107
2109 2049 2169
2110 2050 2170
2111 2112 2171
2112 2052 2111
2113 2053 2114
2114 2054 2113
2115 2055
2116 2056 2176
2117 2118 2177
2118 2058 2117
2119 2059 2179
2120 2060
2121 2061 2122 2181
2122 2062 2121
2123 2124 2183
2124 2123 2184
2125 2126
2126 2125 2127
2127 2067 2126
2128 2068 2129
2129 2128 2189
2130 2070 2131
2131 2130 2191
2132 2133 2192
2133 2073 2132
2134 2074 2194
2135 2075 2136
2136 2076 2135 2196
2137 2077 2197
2138 2078 2198
2139 2079 2140
2140 2080 2139
2141 2081 2142
2142 2141 2143
2143 2142 2144 2203
2144 2143 2204
2145 2085 2205
2146 2086 2206
2147 2148
2148 2088 2147
2149 2089 2209
2150 2090 2210
2151 2091 2152
2152 2151 2153 2212
2153 2152 2213
2154 2155
2155 2095 2154 2215
2156 2096 2216
2157 2097 2158
2158 2098 2157
2159 2219
2160 2100 2220
2161 2101 2221
2162 2102 2163 2222
2163 2162 2223
2164 2165
2165 2164 2166 2225
2166 2165
2167 2107 2168 2227
2168 2167 2228
2169 2109 2170
2170 2110 2169
2171 2111 2172
2172 2171 2173
2173 2172 2174
2174 2173 2175
2175 2174 2235
2176 2116 2236
2177 2117 2178
2178 2177 2238
2179 2119 2180
2180 2179 2240
2181 2121 2182
2182 2181 2242
2183 2123 2243
2184 2124 2185
2185 2184 2186
2186 2185 2187
2187 2186 2188
2188 2187 2248
2189 2129 2249
2190 2191 2250
2191 2131 2190
2192 2132 2252
2193 2194 2253
2194 2134 2193
2195 2196 2255
2196 2136 2195
2197 2137 2257
2198 2138 2258
2199 2200 2259
2200 2199 2201
2201 2200 2202
2202 2201 2203
2203 2143 2202
2204 2144 2264
2205 2145 2265
2206 2146 2207
2207 2206 2208
2208 2207 2209
2209 2149 2208
2210 2150 2270
2211 2212 2271
2212 2152 2211
2213 2153 2214
2214 2213 2215
2215 2155 2214
2216 2156 2276
2217 2218 2277
2218 2217 2219
2219 2159 2218
2220 2160 2280
2221 2161 2281
2222 2162
2223 2163 2283
2224 2225 2284
2225 2165 2224 2285
2226 2227 2286
2227 2167 2226
2228 2168 2229
2229 2228 2230 2289
2230 2229 2290
2231 2232 2291
2232 2231 2233
2233 2232 2234
2234 2233 2294
2235 2175 2295
2236 2176 2237 2296
2237 2236 2238
2238 2178 2237
2239 2299
2240 2180 2241
2241 2240 2301
2242 2182 2243
2243 2183 2242
2244 2245 2304
2245 2244 2246
2246 2245 2247
2247 2246 2307
2248 2188 2308
2249 2189 2250 2309
2250 2190 2249 2251
2251 2250
2252 2192 2312
2253 2193 2254
2254 2253 2314
2255 2195
2256 2257 2316
2257 2197 2256
2258 2198 2318
2259 2199 2319
2260 2261 2320
2261 2260 2262 2321
2262 2261 2263
2263 2262
2264 2204 2324
2265 2205 2325
2266 2326
2267 2268 2327
2268 2267 2269
2269 2268 2329
2270 2210 2330
2271 2211 2272
2272 2271 2273
2273 2272 2333
2274 2275
2275 2274 2276
2276 2216 2275 2336
2277 2217 2278
2278 2277 2279
2279 2278 2339
2280 2220 2340
2281 2221 2282
2282 2281 2283
2283 2223 2282
2284 2224 2344
2285 2225 2345
2286 2226 2346
2287 2288 2347
2288 2287 2348
2289 2229 2349
2290 2230
2291 2231 2292
2292 2291 2352
2293 2353
2294 2234 2354
2295 2235 2355
2296 2236 2297
2297 2296 2298
2298 2297 2299
2299 2239 2298 2359
2300 2360
2301 2241 2302
2302 2301 2362
2303 2363
2304 2244 2305 2364
2305 2304 2306
2306 2305 2366
2307 2247
2308 2248 2368
2309 2249 2369
2310 2370
2311 2312 2371
2312 2252 2311 2372
2313 2314
2314 2254 2313 2315
2315 2314 2375
2316 2256 2376
2317 2377
2318 2258 2378
2319 2259 2379
2320 2260
2321 2261 2322
2322 2321 2323
2323 2322 2324
2324 2264 2323
2325 2265 2385
2326 2266 2386
2327 2267 2328 2387
2328 2327
2329 2269 2330
2330 2270 2329 2331
2331 2330 2391
2332 2392
2333 2273 2334
2334 2333 2335
2335 2334 2395
2336 2276 2337
2337 2336 2338
2338 2337 2339
2339 2279 2338 2399
2340 2280 2341 2400
2341 2340 2342
2342 2341 2343
2343 2342 2344 2403
2344 2284 2343
2345 2285
2346 2286 2406
2347 2287
2348 2288 2408
2349 2289 2350
2350 2349 2351
2351 2350 2352 2411
2352 2292 2351
2353 2293 2413
2354 2294 2414
2355 2295 2415
2356 2357 2416
2357 2356 2358
2358 2357 2418
2359 2299 2360 2419
2360 2300 2359
2361 2362 2421
2362 2302 2361
2363 2303 2423
2364 2304 2365
2365 2364 2425
2366 2306 2367
2367 2366 2368
2368 2308 2367
2369 2309 2370
2370 2310 2369 2430
2371 2311 2431
2372 2312 2432
2373 2374 2433
2374 2373 2434
2375 2315 2376
2376 2316 2375
2377 2317 2378
2378 2318 2377
2379 2319 2380
2380 2379 2381 2440
2381 2380 2382
2382 2381 2383
2383 2382 2384
2384 2383 2385
2385 2325 2384
2386 2326 2446
2387 2327 2447
2388 2389 2448
2389 2388 2390
2390 2389 2450
2391 2331 2451
2392 2332 2393 2452
2393 2392 2394
2394 2393 2454
2395 2335 2455
2396 2397 2456
2397 2396 2457
2398 2399 2458
2399 2339 2398
2400 2340 2401 2460
2401 2400 2402
2402 2401 2462
2403 2343
2404 2405 2464
2405 2404 2465
2406 2346 2407
2407 2406 2408
2408 2348 2407 2468
2409 2410 2469
2410 2409 2470
2411 2351 2412
2412 2411 2413
2413 2353 2412
2414 2354 2474
2415 2355 2416
2416 2356 2415
2417 2418 2477
2418 2358 2417
2419 2359
2420 2421 2480
2421 2361 2420
2422 2482
2423 2363 2424 2483
2424 2423 2425
2425 2365 2424
2426 2486
2427 2428 2487
2428 2427 2429 2488
2429 2428 2489
2430 2370
2431 2371 2491
2432 2372
2433 2373 2493
2434 2374 2494
2435 2436 2495
2436 2435 2437
2437 2436 2438
2438 2437 2439
2439 2438 2499
2440 2380 2441
2441 2440 2501
2442 2443 2502
2443 2442 2503
2444 2445 2504
2445 2444 2446
2446 2386 2445 2447
2447 2387 2446
2448 2388 2449
2449 2448 2509
2450 2390 2510
2451 2391 2452
2452 2392 2451
2453 2454
2454 2394 2453
2455 2395 2515
2456 2396 2516
2457 2397
2458 2398 2459
2459 2458 2519
2460 2400 2461
2461 2460
2462 2402 2522
2463 2464 2523
2464 2404 2463
2465 2405 2466
2466 2465 2467
2467 2466 2468
2468 2408 2467
2469 2409 2529
2470 2410 2471
2471 2470 2472
2472 2471 2473
2473 2472 2474
2474 2414 2473 2475 2534
2475 2474
2476 2477 2536
2477 2417 2476
2478 2479 2538
2479 2478 2480
2480 2420 2479
2481 2482 2541
2482 2422 2481 2483
2483 2423 2482
2484 2485 2544
2485 2484 2545
2486 2426 2487 2546
2487 2427 2486
2488 2428 2548
2489 2429 2490
2490 2489 2550
2491 2431 2492
2492 2491 2493
2493 2433 2492
2494 2434 2554
2495 2435 2555
2496 2556
2497 2498 2557
2498 2497 2499
2499 2439 2498
2500 2501 2560
2501 2441 2500
2502 2442 2562
2503 2443 2563
2504 2444 2505
2505 2504 2506
2506 2505 2507
2507 2506 2567
2508 2509 2568
2509 2449 2508
2510 2450 2511
2511 2510 2512
2512 2511 2513
2513 2512 2514
2514 2513 2515
2515 2455 2514
2516 2456 2517 2576
2517 2516 2577
2518 2519 2578
2519 2459 2518
2520 2521 2580
2521 2520 2581
2522 2462 2582
2523 2463 2583
2524 2525 2584
2525 2524 2585
2526 2527 2586
2527 2526 2528
2528 2527 2588
2529 2469 2530
2530 2529 2531
2531 2530 2532
2532 2531 2533
2533 2532 2593
2534 2474 2594
2535 2536 2595
2536 2476 2535
2537 2538
2538 2478 2537 2539
2539 2538 2599
2540 2600
2541 2481 2601
2542 2543
2543 2542 2544 2603
2544 2484 2543
2545 2485
2546 2486 2606
2547 2607
2548 2488 2608
2549 2550
2550 2490 2549 2551
2551 2550 2552
2552 2551 2553
2553 2552 2554 2613
2554 2494 2553
2555 2495 2615
2556 2496 2616
2557 2497 2617
2558 2559
2559 2558 2560
2560 2500 2559 2561
2561 2560 2621
2562 2502 2622
2563 2503 2623
2564 2565 2624
2565 2564 2625
2566 2567 2626
2567 2507 2566
2568 2508 2569
2569 2568 2570
2570 2569 2630
2571 2572 2631
2572 2571 2573
2573 2572 2574
2574 2573 2575
2575 2574 2576
2576 2516 2575
2577 2517 2578
2578 2518 2577 2579
2579 2578
2580 2520 2640
2581 2521 2582
2582 2522 2581
2583 2523 2643
2584 2524
2585 2525 2586
2586 2526 2585 2646
2587 2647
2588 2528 2589
2589 2588 2590 2649
2590 2589 2591
2591 2590 2651
2592 2593 2652
2593 2533 2592
2594 2534 2654
2595 2535 2655
2596 2597
2597 2596 2598 2657
2598 2597 2599
2599 2539 2598
2600 2540 2660
2601 2541 2602
2602 2601 2662
2603 2543 2663
2604 2605 2664
2605 2604 2606
2606 2546 2605
2607 2547 2667
2608 2548 2609
2609 2608 2669
2610 2611 2670
2611 2610 2671
2612 2613
2613 2553 2612
2614 2615 2674
2615 2555 2614
2616 2556 2676
2617 2557 2618
2618 2617 2619
2619 2618 2679
2620 2680
2621 2561 2622
2622 2562 2621
2623 2563 2624
2624 2564 2623
2625 2565 2685
2626 2566 2686
2627 2628
2628 2627 2629 2688
2629 2628
2630 2570 2690
2631 2571
2632 2633 2692
2633 2632 2634
2634 2633 2635
2635 2634 2636
2636 2635 2696
2637 2638 2697
2638 2637 2639
2639 2638 2699
2640 2580 2641
2641 2640 2642
2642 2641 2702
2643 2583 2644
2644 2643 2645
2645 2644 2705
2646 2586 2647
2647 2587 2646 2707
2648 2708
2649 2589 2709
2650 2710
2651 2591 2711
2652 2592 2653
2653 2652 2713
2654 2594 2714
2655 2595 2715
2656 2657 2716
2657 2597 2656
2658 2659
2659 2658 2660 2719
2660 2600 2659
2661 2662 2721
2662 2602 2661
2663 2603 2723
2664 2604 2724
2665 2666 2725
2666 2665
2667 2607 2668 2727
2668 2667 2728
2669 2609 2670
2670 2610 2669
2671 2611 2672
2672 2671 2673
2673 2672 2674
2674 2614 2673
2675 2676 2735
2676 2616 2675 2677 2736
2677 2676 2678
2678 2677 2738
2679 2619 2739
2680 2620 2681 2740
2681 2680 2682
2682 2681 2683
2683 2682 2684
2684 2683 2685 2744
2685 2625 2684
2686 2626 2687
2687 2686 2688
2688 2628 2687 2748
2689 2690 2749
2690 2630 2689
2691 2692 2751
2692 2632 2691
2693 2694
2694 2693 2695
2695 2694 2755
2696 2636 2756
2697 2637 2757
2698 2758
2699 2639 2759
2700 2701 2760
2701 2700 2702
2702 2642 2701 2703
2703 2702 2704 2763
2704 2703
2705 2645 2765
2706 2766
2707 2647 2767
2708 2648 2768
2709 2649 2769
2710 2650 2711 2770
2711 2651 2710 2712
2712 2711
2713 2653 2773
2714 2654
2715 2655 2716
2716 2656 2715
2717 2718 2777
2718 2717 2719
2719 2659 2718 2779
2720 2721 2780
2721 2661 2720
2722 2723 2782
2723 2663 2722
2724 2664 2784
2725 2665 2785
2726 2727 2786
2727 2667 2726
2728 2668 2729
2729 2728 2730 2789
2730 2729 2790
2731 2732 2791
2732 2731 2792
2733 2793
2734 2735 2794
2735 2675 2734
2736 2676 2737
2737 2736 2797
2738 2678
2739 2679 2799
2740 2680 2741
2741 2740
2742 2743 2802
2743 2742 2803
2744 2684 2745
2745 2744 2746
2746 2745 2806
2747 2748 2807
2748 2688 2747
2749 2689 2750
2750 2749 2810
2751 2691 2811
2752 2753
2753 2752 2754 2813
2754 2753 2814
2755 2695 2815
2756 2696 2757
2757 2697 2756 2758
2758 2698 2757
2759 2699 2819
2760 2700 2761
2761 2760 2762
2762 2761 2822
2763 2703
2764 2765 2824
2765 2705 2764
2766 2706 2826
2767 2707 2768 2827
2768 2708 2767
2769 2709 2829
2770 2710 2771
2771 2770 2831
2772 2773 2832
2773 2713 2772
2774 2775 2834
2775 2774 2776
2776 2775 2777 2836
2777 2717 2776
2778 2779
2779 2719 2778
2780 2720 2781
2781 2780 2841
2782 2722 2783 2842
2783 2782 2784
2784 2724 2783
2785 2725 2845
2786 2726 2787
2787 2786 2847
2788 2789 2848
2789 2729 2788
2790 2730 2791
2791 2731 2790
2792 2732 2852
2793 2733 2794
2794 2734 2793
2795 2796 2855
2796 2795 2856
2797 2737 2798 2857
2798 2797 2858
2799 2739 2800
2800 2799 2860
2801 2802 2861
2802 2742 2801
2803 2743 2804
2804 2803 2864
2805 2806
2806 2746 2805 2866
2807 2747
2808 2809 2868
2809 2808 2869
2810 2750 2811
2811 2751 2810 2812
2812 2811 2872
2813 2753 2873
2814 2754 2815
2815 2755 2814 2875
2816 2876
2817 2818 2877
2818 2817 2819
2819 2759 2818 2879
2820 2821 2880
2821 2820 2822
2822 2762 2821 2882
2823 2824 2883
2824 2764 2823
2825 2826
2826 2766 2825 2827
2827 2767 2826
2828 2829 2888
2829 2769 2828
2830 2831
2831 2771 2830 2891
2832 2772 2833
2833 2832 2893
2834 2774 2835
2835 2834 2895
2836 2776 2837
2837 2836 2838
2838 2837 2839
2839 2838 2840
2840 2839 2900
2841 2781 2901
2842 2782 2843
2843 2842 2903
2844 2845
2845 2785 2844 2846
2846 2845 2847
2847 2787 2846
2848 2788 2849
2849 2848 2909
2850 2851
2851 2850 2852
2852 2792 2851 2853
2853 2852 2854
2854 2853 2855
2855 2795 2854
2856 2796 2916
2857 2797
2858 2798 2859 2918
2859 2858 2919
2860 2800 2920
2861 2801 2862
2862 2861 2863
2863 2862 2923
2864 2804 2865
2865 2864 2925
2866 2806 2867
2867 2866 2868
2868 2808 2867
2869 2809 2870
2870 2869 2871
2871 2870 2931
2872 2812 2873
2873 2813 2872
2874 2934
2875 2815 2876
2876 2816 2875 2936
2877 2817 2937
2878 2879 2938
2879 2819 2878
2880 2820 2940
2881 2882 2941
2882 2822 2881
2883 2823 2943
2884 2885 2944
2885 2884 2886
2886 2885 2946
2887 2888 2947
2888 2828 2887
2889 2890 2949
2890 2889 2950
2891 2831
2892 2893 2952
2893 2833 2892 2894 2953
2894 2893
2895 2835 2896
2896 2895 2956
2897 2898 2957
2898 2897 2899 2958
2899 2898
2900 2840 2901
2901 2841 2900
2902 2962
2903 2843 2904 2963
2904 2903 2905
2905 2904 2906
2906 2905 2907
2907 2906 2908
2908 2907 2909
2909 2849 2908
2910 2911 2970
2911 2910 2971
2912 2913
2913 2912 2914
2914 2913 2915
2915 2914 2916
2916 2856 2915 2917
2917 2916 2918
2918 2858 2917
2919 2859 2979
2920 2860 2921
2921 2920 2922
2922 2921 2923
2923 2863 2922 2924
2924 2923
2925 2865 2985
2926 2927 2986
2927 2926 2928
2928 2927 2929
2929 2928 2930 2989
2930 2929 2990
2931 2871 2932
2932 2931 2933
2933 2932 2993
2934 2874 2994
2935 2936 2995
2936 2876 2935
2937 2877 2997
2938 2878 2998
2939 2999
2940 2880 3000
2941 2881 3001
2942 2943 3002
2943 2883 2942
2944 2884 2945
2945 2944 3005
2946 2886 2947
2947 2887 2946 3007
2948 2949 3008
2949 2889 2948 3009
2950 2890 2951
2951 2950 2952
2952 2892 2951
2953 2893
2954 2955 3014
2955 2954 3015
2956 2896 3016
2957 2897 3017
2958 2898 2959
2959 2958 2960
2960 2959 2961
2961 2960 2962
2962 2902 2961 2963
2963 2903 2962
2964 2965 3024
2965 2964 2966
2966 2965 2967
2967 2966 3027
2968 2969 3028
2969 2968 2970
2970 2910 2969
2971 2911 2972
2972 2971 2973
2973 2972 2974
2974 2973 2975
2975 2974 2976
2976 2975 2977
2977 2976 2978
2978 2977 3038
2979 2919
2980 2981 3040
2981 2980 2982
2982 2981 2983
2983 2982 2984
2984 2983 3044
2985 2925 3045
2986 2926 2987
2987 2986 2988
2988 2987
2989 2929 3049
2990 2930
2991 2992 3051
2992 2991 3052
2993 2933 3053
2994 2934 3054
2995 2935 3055
2996 3056
2997 2937 3057
2998 2938 2999
2999 2939 2998 3059
3000 2940 3060
3001 2941
3002 2942 3003
3003 3002 3004
3004 3003 3064
3005 2945 3006 3065
3006 3005 3066
3007 2947
3008 2948 3068
3009 2949
3010 3011 3070
3011 3010 3012
3012 3011 3013
3013 3012 3014
3014 2954 3013
3015 2955 3075
3016 2956 3076
3017 2957 3018
3018 3017 3078
3019 3020 3079
3020 3019 3080
3021 3022 3081
3022 3021 3082
3023 3024 3083
3024 2964 3023
3025 3026
3026 3025 3086
3027 2967 3087
3028 2968 3029
3029 3028 3089
3030 3031 3090
3031 3030
3032 3033 3092
3033 3032 3034
3034 3033 3035
3035 3034 3036 3095
3036 3035 3037
3037 3036 3097
3038 2978 3039
3039 3038 3040
3040 2980 3039
3041 3101
3042 3043 3102
3043 3042 3044
3044 2984 3043
3045 2985 3105
3046 3047 3106
3047 3046 3048
3048 3047 3049
3049 2989 3048 3109
3050 3051 3110
3051 2991 3050
3052 2992 3053
3053 2993 3052
3054 2994 3055 3114
3055 2995 3054 3056
3056 2996 3055
3057 2997 3117
3058 3118
3059 2999 3119
3060 3000 3120
3061 3062 3121
3062 3061 3063 3122
3063 3062
3064 3004 3124
3065 3005
3066 3006 3067
3067 3066 3127
3068 3008 3069
3069 3068 3129
3070 3010 3071
3071 3070 3072
3072 3071 3132
3073 3074 3133
3074 3073 3134
3075 3015 3135
3076 3016 3136
3077 3137
3078 3018 3138
3079 3019 3139
3080 3020 3140
3081 3021 3141
3082 3022 3142
3083 3023 3084
3084 3083 3085
3085 3084 3145
3086 3026 3146
3087 3027 3088
3088 3087 3089
3089 3029 3088
3090 3030 3091 3150
3091 3090 3151
3092 3032 3152
3093 3094 3153
3094 3093 3154
3095 3035 3155
3096 3156
3097 3037 3157
3098 3099 3158
3099 3098
3100 3101 3160
3101 3041 3100 3102
3102 3042 3101
3103 3104 3163
3104 3103 3105
3105 3045 3104
3106 3046 3166
3107 3108 3167
3108 3107 3109
3109 3049 3108
3110 3050 3170
3111 3112
3112 3111 3113 3172
3113 3112 3114
3114 3054 3113 3115
3115 3114 3175
3116 3117 3176
3117 3057 3116
3118 3058 3119 3178
3119 3059 3118
3120 3060 3121 3180
3121 3061 3120
3122 3062 3123
3123 3122 3183
3124 3064 3125
3125 3124 3185
3126 3127 3186
3127 3067 3126
3128 3129 3188
3129 3069 3128 3130
3130 3129 3131
3131 3130
3132 3072 3192
3133 3073
3134 3074 3194
3135 3075 3136
3136 3076 3135
3137 3077 3138
3138 3078 3137 3139
3139 3079 3138
3140 3080 3141
3141 3081 3140
3142 3082 3143
3143 3142 3203
3144 3145 3204
3145 3085 3144
3146 3086 3147 3206
3147 3146
3148 3149 3208
3149 3148 3150
3150 3090 3149
3151 3091 3152
3152 3092 3151
3153 3093 3213
3154 3094 3214
3155 3095 3215
3156 3096 3157
3157 3097 3156 3217
3158 3098 3159
3159 3158 3219
3160 3100 3220
3161 3162
3162 3161 3163 3222
3163 3103 3162
3164 3165 3224
3165 3164 3166
3166 3106 3165 3226
3167 3107
3168 3169 3228
3169 3168 3229
3170 3110 3171
3171 3170 3231
3172 3112
3173 3174 3233
3174 3173 3234
3175 3115
3176 3116 3236
3177 3237
3178 3118 3179
3179 3178 3239
3180 3120
3181 3182 3241
3182 3181 3183
3183 3123 3182 3243
3184 3185 3244
3185 3125 3184
3186 3126 3187
3187 3186 3247
3188 3128 3189
3189 3188 3249
3190 3191 3250
3191 3190 3192
3192 3132 3191
3193 3194 3253
3194 3134 3193 3195
3195 3194 3255
3196 3197 3256
3197 3196 3198
3198 3197 3199
3199 3198 3200
3200 3199 3260
3201 3202
3202 3201 3203
3203 3143 3202
3204 3144 3205
3205 3204 3265
3206 3146 3207 3266
3207 3206 3208
3208 3148 3207
3209 3210 3269
3210 3209 3270
3211 3212
3212 3211 3213 3272
3213 3153 3212
3214 3154
3215 3155 3216
3216 3215 3276
3217 3157 3218
3218 3217 3278
3219 3159 3279
3220 3160 3221
3221 3220 3281
3222 3162 3282
3223 3224
3224 3164 3223 3225
3225 3224
3226 3166 3227
3227 3226 3287
3228 3168 3288
3229 3169 3230
3230 3229 3290
3231 3171 3291
3232 3233 3292
3233 3173 3232
3234 3174 3235
3235 3234 3236
3236 3176 3235
3237 3177 3297
3238 3239 3298
3239 3179 3238
3240 3241 3300
3241 3181 3240
3242 3243
3243 3183 3242
3244 3184 3304
3245 3246 3305
3246 3245 3306
3247 3187 3307
3248 3249 3308
3249 3189 3248
3250 3190 3251
3251 3250 3311
3252 3253 3312
3253 3193 3252
3254 3255 3314
3255 3195 3254
3256 3196 3257
3257 3256 3258
3258 3257 3259 3318
3259 3258 3319
3260 3200 3261
3261 3260 3262
3262 3261 3263
3263 3262 3264
3264 3263 3265
3265 3205 3264
3266 3206 3326
3267 3268 3327
3268 3267 3269 3328
3269 3209 3268
3270 3210 3271
3271 3270 3331
3272 3212 3273
3273 3272 3274
3274 3273 3275
3275 3274 3335
3276 3216 3277
3277 3276 3337
3278 3218 3279
3279 3219 3278 3339
3280 3340
3281 3221 3341
3282 3222 3283
3283 3282 3284 3343
3284 3283 3344
3285 3286 3345
3286 3285 3287
3287 3227 3286 3347
3288 3228 3289
3289 3288 3349
3290 3230 3350
3291 3231 3351
3292 3232 3293
3293 3292 3353
3294 3295 3354
3295 3294 3355
3296 3297 3356
3297 3237 3296 3357
3298 3238 3358
3299 3359
3300 3240 3360
3301 3302 3361
3302 3301 3303
3303 3302 3304
3304 3244 3303
3305 3245 3365
3306 3246 3307
3307 3247 3306 3367
3308 3248 3309
3309 3308 3310
3310 3309 3370
3311 3251 3312
3312 3252 3311
3313 3373
3314 3254 3374
3315 3316 3375
3316 3315 3317
3317 3316 3377
3318 3258
3319 3259 3379
3320 3321
3321 3320 3322 3381
3322 3321 3382
3323 3324 3383
3324 3323 3325
3325 3324 3326
3326 3266 3325
3327 3267 3387
3328 3268 3388
3329 3389
3330 3331 3390
3331 3271 3330
3332 3333 3392
3333 3332 3334
3334 3333 3335
3335 3275 3334 3395
3336 3396
3337 3277 3397
3338 3339
3339 3279 3338 3340
3340 3280 3339
3341 3281 3342
3342 3341 3402
3343 3283
3344 3284 3404
3345 3285 3405
3346 3347
3347 3287 3346
3348 3349 3408
3349 3289 3348
3350 3290 3351
3351 3291 3350
3352 3353 3412
3353 3293 3352
3354 3294 3414
3355 3295 3356
3356 3296 3355
3357 3297 3358
3358 3298 3357
3359 3299 3419
3360 3300 3361 3420
3361 3301 3360
3362 3363
3363 3362 3364
3364 3363 3365 3424
3365 3305 3364 3366
3366 3365 3426
3367 3307 3368
3368 3367 3369 3428
3369 3368
3370 3310 3371 3430
3371 3370
3372 3373 3432
3373 3313 3372 3433
3374 3314 3434
3375 3315 3435
3376 3377 3436
3377 3317 3376
3378 3379 3438
3379 3319 3378
3380 3381 3440
3381 3321 3380
3382 3322
3383 3323 3443
3384 3385 3444
3385 3384 3445
3386 3387 3446
3387 3327 3386
3388 3328 3448
3389 3329 3449
3390 3330 3450
3391 3392 3451
3392 3332 3391 3452
3393 3394 3453
3394 3393 3395
3395 3335 3394
3396 3336 3456
3397 3337 3398
3398 3397 3399
3399 3398 3400
3400 3399 3460
3401 3402 3461
3402 3342 3401
3403 3404 3463
3404 3344 3403
3405 3345 3465
3406 3407 3466
3407 3406 3408
3408 3348 3407
3409 3410 3469
3410 3409 3411
3411 3410 3412
3412 3352 3411 3413
3413 3412 3473
3414 3354 3474
3415 3416 3475
3416 3415 3476
3417 3418 3477
3418 3417 3419
3419 3359 3418 3479
3420 3360 3421
3421 3420 3422
3422 3421 3423
3423 3422 3483
3424 3364 3425
3425 3424
3426 3366 3486
3427 3428
3428 3368 3427 3488
3429 3430 3489
3430 3370 3429
3431 3432 3491
3432 3372 3431
3433 3373 3434
3434 3374 3433
3435 3375 3495
3436 3376 3437
3437 3436 3438
3438 3378 3437
3439 3440 3499
3440 3380 3439 3441
3441 3440 3442
3442 3441 3502
3443 3383 3503
3444 3384 3504
3445 3385 3505
3446 3386 3447
3447 3446
3448 3388 3508
3449 3389 3509
3450 3390 3510
3451 3391
3452 3392 3512
3453 3393 3454
3454 3453 3514
3455 3456 3515
3456 3396 3455 3457
3457 3456 3517
3458 3459 3518
3459 3458 3519
3460 3400 3520
3461 3401 3521
3462 3463 3522
3463 3403 3462 3464
3464 3463 3524
3465 3405 3525
3466 3406 3526
3467 3468
3468 3467 3469
3469 3409 3468 3470
3470 3469 3471
3471 3470
3472 3473 3532
3473 3413 3472
3474 3414 3475
3475 3415 3474
3476 3416 3477
3477 3417 3476
3478 3479 3538
3479 3419 3478
3480 3481 3540
3481 3480
3482 3483 3542
3483 3423 3482
3484 3485 3544
3485 3484 3545
3486 3426 3487
3487 3486 3547
3488 3428 3548
3489 3429 3490
3490 3489 3491
3491 3431 3490
3492 3493 3552
3493 3492 3553
3494 3495 3554
3495 3435 3494
3496 3497 3556
3497 3496 3498
3498 3497 3499
3499 3439 3498
3500 3501 3560
3501 3500 3502
3502 3442 3501
3503 3443 3504
3504 3444 3503
3505 3445 3506
3506 3505 3507
3507 3506 3508
3508 3448 3507
3509 3449 3569
3510 3450 3570
3511 3512 3571
3512 3452 3511
3513 3514 3573
3514 3454 3513
3515 3455 3575
3516 3576
3517 3457 3518
3518 3458 3517
3519 3459 3579
3520 3460 3580
3521 3461 3581
3522 3462
3523 3524 3583
3524 3464 3523
3525 3465 3585
3526 3466 3586
3527 3528 3587
3528 3527 3529
3529 3528 3530
3530 3529 3531
3531 3530 3532
3532 3472 3531
3533 3593
3534 3535 3594
3535 3534 3536 3595
3536 3535 3537
3537 3536
3538 3478 3598
3539 3599
3540 3480 3541
3541 3540 3542
3542 3482 3541 3543
3543 3542 3544
3544 3484 3543
3545 3485 3546
3546 3545 3547
3547 3487 3546
3548 3488 3549
3549 3548 3550
3550 3549 3551
3551 3550 3552
3552 3492 3551
3553 3493 3554
3554 3494 3553
3555 3556
3556 3496 3555 3557
3557 3556 3558
3558 3557 3559
3559 3558
3560 3500 3561
3561 3560 3562
3562 3561 3563
3563 3562 3564
3564 3563 3565
3565 3564 3566
3566 3565 3567
3567 3566 3568
3568 3567 3569
3569 3509 3568 3570
3570 3510 3569 3571
3571 3511 3570
3572 3573
3573 3513 3572 3574
3574 3573 3575
3575 3515 3574
3576 3516 3577
3577 3576 3578
3578 3577 3579
3579 3519 3578
3580 3520 3581
3581 3521 3580 3582
3582 3581 3583
3583 3523 3582
3584 3585
3585 3525 3584 3586
3586 3526 3585 3587
3587 3527 3586
3588 3589
3589 3588 3590
3590 3589 3591
3591 3590 3592
3592 3591 3593
3593 3533 3592 3594
3594 3534 3593
3595 3535 3596
3596 3595 3597
3597 3596 3598
3598 3538 3597 3599
3599 3539 3598
