20
20
0
399
0 20
1 2
2 1 3 22
3 2 23
4 5 24
5 4 6
6 5 7 26
7 6 8
8 7 9
9 8 10
10 9 30
11 12
12 11 13
13 12 33
14 15 34
15 14 16
16 15 36
17 18 37
18 17 19
19 18 39
20 0 21
21 20 22
22 2 21
23 3 43
24 4
25 26 45
26 6 25
27 28 47
28 27 29
29 28
30 10 50
31 32 51
32 31 52
33 13 53
34 14 35
35 34 55
36 16 56
37 17 57
38 58
39 19 59
40 41 60
41 40 42
42 41 62
43 23 44
44 43 64
45 25 46 65
46 45 66
47 27 48 67
48 47 49
49 48 69
50 30 51
51 31 50
52 32 72
53 33 54 73
54 53
55 35 75
56 36 57
57 37 56 58
58 38 57
59 39 79
60 40 80
61 81
62 42 63
63 62 83
64 44 84
65 45
66 46 86
67 47 87
68 69 88
69 49 68 70 89
70 69 71
71 70
72 52 92
73 53 74 93
74 73 75
75 55 74
76 77
77 76 97
78 79 98
79 59 78
80 60 100
81 61 82
82 81 83
83 63 82 103
84 64 85
85 84 86
86 66 85
87 67
88 68 108
89 69 109
90 91 110
91 90 92
92 72 91
93 73 94
94 93 95
95 94 96
96 95 97
97 77 96 117
98 78 99
99 98 119
100 80 120
101 102 121
102 101 122
103 83 104
104 103 105
105 104 125
106 107 126
107 106 108 127
108 88 107
109 89
110 90 111
111 110 112
112 111 113
113 112 114
114 113 134
115 116
116 115 117
117 97 116 118
118 117
119 99 139
120 100 121
121 101 120
122 102 123
123 122 143
124 144
125 105 145
126 106 146
127 107 128
128 127 129
129 128 130
130 129 131
131 130 151
132 133 152
133 132 153
134 114 135
135 134 136
136 135 137
137 136 138
138 137 139
139 119 138 159
140 141 160
141 140 142
142 141 143
143 123 142
144 124 145
145 125 144
146 126 166
147 148 167
148 147
149 150 169
150 149 170
151 131 152
152 132 151 172
153 133 154
154 153 174
155 156 175
156 155 157
157 156 177
158 159 178
159 139 158
160 140 180
161 162 181
162 161 163
163 162 164
164 163 165
165 164 166
166 146 165
167 147 187
168 169 188
169 149 168
170 150 171
171 170 191
172 152
173 174 193
174 154 173 194
175 155 176
176 175 196
177 157 178
178 158 177
179 199
180 160 181 200
181 161 180 182
182 181 183
183 182 184
184 183 185
185 184 186
186 185 187
187 167 186 207
188 168 208
189 190 209
190 189
191 171 192
192 191 212
193 173 213
194 174 195 214
195 194
196 176 216
197 198 217
198 197 218
199 179 219
200 180
201 202 221
202 201 203
203 202 223
204 205 224
205 204 225
206 207 226
207 187 206
208 188 228
209 189 210
210 209 211
211 210 231
212 192 232
213 193 233
214 194 234
215 216 235
216 196 215
217 197 237
218 198 238
219 199 239
220 221 240
221 201 220
222 223
223 203 222 224
224 204 223
225 205 245
226 206 227
227 226
228 208 248
229 230 249
230 229 231
231 211 230
232 212 252
233 213 253
234 214 254
235 215 255
236 237 256
237 217 236
238 218 239
239 219 238 259
240 220 260
241 242 261
242 241 243
243 242 263
244 264
245 225 246
246 245 247
247 246 248
248 228 247
249 229 269
250 251 270
251 250 252
252 232 251
253 233 273
254 234
255 235 275
256 236 276
257 258 277
258 257 278
259 239
260 240 280
261 241 262
262 261 282
263 243 283
264 244 265
265 264 285
266 267 286
267 266 268
268 267 269
269 249 268 270
270 250 269 271
271 270 272
272 271 273
273 253 272
274 275 294
275 255 274
276 256 277
277 257 276
278 258 279
279 278 299
280 260 281 300
281 280 301
282 262 302
283 263 284
284 283 304
285 265 305
286 266 306
287 288 307
288 287 289
289 288 290
290 289 291
291 290 292
292 291 312
293 294 313
294 274 293
295 296 315
296 295 297
297 296 298
298 297 299
299 279 298 319
300 280 320
301 281 321
302 282 322
303 323
304 284 324
305 285 325
306 286 326
307 287 327
308 309 328
309 308
310 311 330
311 310 331
312 292 313
313 293 312
314 315 334
315 295 314
316 336
317 318 337
318 317 319
319 299 318
320 300 340
321 301
322 302 323
323 303 322 343
324 304 344
325 305 326 345
326 306 325
327 307 347
328 308 329 348
329 328 330
330 310 329
331 311 332 351
332 331 333
333 332 334
334 314 333
335 355
336 316 337 356
337 317 336
338 339 358
339 338 359
340 320 360
341 342 361
342 341 343
343 323 342
344 324 364
345 325
346 347 366
347 327 346
348 328 368
349 350 369
350 349
351 331 371
352 353 372
353 352
354 355 374
355 335 354 375
356 336 357
357 356 377
358 338
359 339 379
360 340 361 380
361 341 360
362 363
363 362 383
364 344 365
365 364 366
366 346 365
367 368
368 348 367 369
369 349 368
370 371 390
371 351 370
372 352 373 392
373 372 374
374 354 373
375 355 376
376 375 396
377 357 378
378 377 398
379 359 399
380 360 381
381 380 382
382 381 383
383 363 382 384
384 383 385
385 384 386
386 385 387
387 386 388
388 387 389
389 388 390
390 370 389
391 392
392 372 391 393
393 392 394
394 393 395
395 394
396 376 397
397 396 398
398 378 397 399
399 379 398
