80
80
0
6399
0 1
1 0 81
2 3 82
3 2 83
4 5
5 4 6 85
6 5 7
7 6 87
8 9 88
9 8 10
10 9 11 90
11 10 91
12 13
13 12 14
14 13 15
15 14 16
16 15 17
17 16 18 97
18 17 19 98
19 18 20
20 19
21 22 101
22 21 23
23 22 103
24 25 104
25 24 105
26 27 106
27 26 107
28 29 108
29 28 30 109
30 29 31
31 30 111
32 33
33 32 34
34 33 114
35 36 115
36 35 37
37 36 38 117
38 37 118
39 40 119
40 39 41
41 40 42
42 41 43 122
43 42 123
44 45 124
45 44 46
46 45 47
47 46 48 127
48 47
49 50 129
50 49 51
51 50 52
52 51 53
53 52 54
54 53 55
55 54 56 135
56 55 136
57 58 137
58 57 59 138
59 58
60 61 140
61 60 62
62 61 63
63 62 64
64 63 65 144
65 64 66
66 65 67
67 66 68
68 67 69
69 68 149
70 71 150
71 70 151
72 73
73 72 153
74 75 154
75 74 76 155
76 75 77
77 76 78
78 77 158
79 159
80 160
81 1 82
82 2 81
83 3 84
84 83 85
85 5 84
86 166
87 7 167
88 8 89
89 88 169
90 10 170
91 11 92
92 91 93
93 92 94
94 93 95
95 94 96
96 95 176
97 17
98 18 99 178
99 98 100
100 99 101
101 21 100 102
102 101 182
103 23 104
104 24 103
105 25 106
106 26 105
107 27 187
108 28 188
109 29 110
110 109 190
111 31 112
112 111 192
113 114 193
114 34 113
115 35 195
116 117 196
117 37 116
118 38 198
119 39 120
120 119 200
121 122 201
122 42 121
123 43 203
124 44 204
125 126
126 125 206
127 47 128
128 127 129
129 49 128
130 131 210
131 130 132
132 131 133
133 132 134
134 133
135 55 215
136 56 137
137 57 136
138 58 218
139 140 219
140 60 139
141 142 221
142 141 143
143 142 223
144 64 224
145 146 225
146 145 226
147 148
148 147 149 228
149 69 148
150 70 230
151 71 152
152 151 153 232
153 73 152
154 74 234
155 75 156
156 155 157
157 156 237
158 78 238
159 79 239
160 80 161 240
161 160 162
162 161 163 242
163 162 164
164 163
165 166 245
166 86 165 246
167 87 247
168 169
169 89 168
170 90 171
171 170 251
172 173 252
173 172 174 253
174 173 175
175 174
176 96 177
177 176 257
178 98 179
179 178
180 181 260
181 180 261
182 102 183
183 182 184
184 183 185
185 184
186 187 266
187 107 186
188 108 189 268
189 188
190 110 270
191 192 271
192 112 191
193 113 194
194 193 195 274
195 115 194
196 116 276
197 198
198 118 197 199
199 198
200 120 280
201 121 281
202 203
203 123 202
204 124 205
205 204 285
206 126 207 286
207 206 208 287
208 207 288
209 289
210 130 211 290
211 210 212
212 211 213
213 212 293
214 215 294
215 135 214
216 217
217 216 297
218 138 298
219 139 299
220 221
221 141 220 301
222 302
223 143 303
224 144 225
225 145 224
226 146 227
227 226 307
228 148 229
229 228 309
230 150 310
231 311
232 152 312
233 234 313
234 154 233
235 236
236 235 316
237 157 317
238 158 239
239 159 238
240 160 241
241 240 321
242 162 243
243 242 323
244 245 324
245 165 244
246 166 326
247 167 248
248 247 249
249 248 250
250 249 330
251 171 331
252 172 332
253 173 333
254 255 334
255 254 256
256 255 336
257 177 258
258 257 259
259 258 260
260 180 259
261 181 262
262 261 263
263 262 264
264 263 265
265 264 345
266 186 267 346
267 266 347
268 188 348
269 270 349
270 190 269
271 191 272
272 271 273
273 272 353
274 194 275
275 274
276 196 277 356
277 276 278
278 277 358
279 280 359
280 200 279
281 201 361
282 283 362
283 282 363
284 285 364
285 205 284
286 206 366
287 207 367
288 208 289
289 209 288 369
290 210 291
291 290 371
292 293 372
293 213 292
294 214 374
295 296 375
296 295 376
297 217 298 377
298 218 297
299 219 300
300 299 380
301 221 381
302 222 382
303 223 383
304 384
305 306 385
306 305 307
307 227 306
308 309 388
309 229 308 310
310 230 309
311 231 312
312 232 311
313 233 314
314 313 315
315 314 395
316 236 396
317 237 318
318 317 319
319 318 399
320 321 400
321 241 320
322 402
323 243 324
324 244 323 325
325 324
326 246 327 406
327 326 407
328 329 408
329 328 409
330 250 331
331 251 330
332 252
333 253 334
334 254 333
335 336 415
336 256 335 416
337 338 417
338 337 418
339 340 419
340 339 341 420
341 340 342 421
342 341
343 344 423
344 343 424
345 265 425
346 266 426
347 267 348
348 268 347
349 269 350
350 349 430
351 352 431
352 351
353 273 354
354 353 355
355 354 435
356 276 357
357 356 437
358 278 359
359 279 358
360 440
361 281 362
362 282 361
363 283 443
364 284 444
365 445
366 286 446
367 287 447
368 369
369 289 368
370 371 450
371 291 370
372 292 452
373 374 453
374 294 373
375 295 455
376 296 456
377 297 457
378 379 458
379 378 380
380 300 379
381 301 461
382 302 462
383 303 384
384 304 383 464
385 305 465
386 387
387 386 467
388 308 468
389 390 469
390 389 470
391 392 471
392 391 393
393 392 394
394 393 395
395 315 394
396 316 397 476
397 396 398
398 397 478
399 319 479
400 320 401
401 400 481
402 322 403 482
403 402 483
404 484
405 406 485
406 326 405
407 327 408
408 328 407
409 329 410
410 409 490
411 412 491
412 411 413
413 412 493
414 415 494
415 335 414
416 336 417
417 337 416
418 338 498
419 339
420 340 500
421 341
422 423 502
423 343 422
424 344 425
425 345 424
426 346 427
427 426 507
428 429 508
429 428 430
430 350 429
431 351 432
432 431 433 512
433 432 513
434 514
435 355 515
436 516
437 357 517
438 439
439 438 440
440 360 439 441
441 440 442 521
442 441
443 363 444
444 364 443
445 365 446
446 366 445
447 367 527
448 449 528
449 448 450
450 370 449 451
451 450
452 372 532
453 373 454
454 453 534
455 375 535
456 376 536
457 377
458 378 538
459 460 539
460 459 461 540
461 381 460
462 382 463 542
463 462 464
464 384 463
465 385 466
466 465 546
467 387 468
468 388 467
469 389 549
470 390 550
471 391 551
472 473 552
473 472 474
474 473 475
475 474 476
476 396 475
477 478 557
478 398 477
479 399 559
480 560
481 401 482 561
482 402 481
483 403 484
484 404 483
485 405 486
486 485 566
487 488 567
488 487 568
489 490 569
490 410 489
491 411 571
492 572
493 413 573
494 414 574
495 496
496 495 497
497 496 577
498 418 499
499 498 579
500 420 501
501 500 581
502 422 503
503 502 504
504 503 505
505 504 506
506 505 586
507 427
508 428 588
509 510 589
510 509 590
511 512 591
512 432 511
513 433 593
514 434 594
515 435 595
516 436 517
517 437 516 518
518 517 519
519 518 599
520 521 600
521 441 520
522 523 602
523 522 524 603
524 523 525
525 524 526
526 525 606
527 447 528
528 448 527 529
529 528 530
530 529 610
531 532 611
532 452 531 533
533 532
534 454 535
535 455 534
536 456 537
537 536 538
538 458 537
539 459 619
540 460 541
541 540 621
542 462 622
543 544
544 543 545
545 544 625
546 466 626
547 548 627
548 547 628
549 469 629
550 470 551
551 471 550
552 472 553 632
553 552 554
554 553 634
555 556
556 555 557 636
557 477 556
558 559 638
559 479 558
560 480 640
561 481 641
562 563 642
563 562 564
564 563 565
565 564 645
566 486 646
567 487 647
568 488 569
569 489 568
570 571 650
571 491 570
572 492 652
573 493 653
574 494 575 654
575 574 655
576 577 656
577 497 576 578
578 577
579 499 580
580 579 660
581 501 582 661
582 581 662
583 584 663
584 583
585 586 665
586 506 585
587 588 667
588 508 587
589 509 669
590 510 591
591 511 590
592 672
593 513 594
594 514 593 674
595 515 596
596 595 676
597 598 677
598 597 678
599 519 679
600 520 601
601 600 602 681
602 522 601
603 523 604
604 603 684
605 685
606 526 686
607 608 687
608 607 609
609 608 689
610 530 690
611 531 691
612 613 692
613 612 614 693
614 613 615
615 614 695
616 617 696
617 616 697
618 619 698
619 539 618
620 621 700
621 541 620
622 542 623
623 622 703
624 625 704
625 545 624
626 546 627
627 547 626
628 548 708
629 549 630
630 629 710
631 632 711
632 552 631
633 713
634 554 635
635 634 715
636 556 637
637 636 717
638 558 639
639 638 719
640 560 720
641 561 721
642 562 643
643 642 723
644 645
645 565 644 646
646 566 645
647 567 727
648 649 728
649 648 650
650 570 649
651 652 731
652 572 651 653
653 573 652
654 574
655 575 735
656 576 657 736
657 656 658
658 657 659
659 658 739
660 580 661
661 581 660
662 582 663
663 583 662 743
664 665 744
665 585 664
666 667 746
667 587 666
668 669
669 589 668 749
670 671 750
671 670 751
672 592 673
673 672 674 753
674 594 673
675 755
676 596 677
677 597 676
678 598 758
679 599 680
680 679 760
681 601
682 683 762
683 682 684
684 604 683
685 605 765
686 606 766
687 607 688
688 687 768
689 609 769
690 610
691 611 692
692 612 691
693 613 694
694 693 774
695 615 696
696 616 695
697 617
698 618 778
699 700 779
700 620 699
701 702
702 701 703 782
703 623 702
704 624 784
705 706 785
706 705 707
707 706 708
708 628 707 788
709 710 789
710 630 709
711 631 712
712 711 792
713 633 714
714 713 794
715 635 716
716 715 796
717 637 718
718 717
719 639 799
720 640 721 800
721 641 720
722 802
723 643 724
724 723 804
725 726
726 725 806
727 647 807
728 648 729
729 728 809
730 810
731 651 811
732 733 812
733 732 734 813
734 733 735
735 655 734
736 656 816
737 738 817
738 737 739
739 659 738 740
740 739 820
741 742 821
742 741 822
743 663 823
744 664 745
745 744 746
746 666 745
747 748 827
748 747 828
749 669 750
750 670 749
751 671 752 831
752 751 832
753 673 754
754 753 755
755 675 754 756 835
756 755 757
757 756
758 678 838
759 839
760 680 761
761 760 841
762 682 763
763 762 843
764 765 844
765 685 764 766
766 686 765 767
767 766 847
768 688 848
769 689 770
770 769 850
771 772 851
772 771 773
773 772 853
774 694 775
775 774 776
776 775 777
777 776 778
778 698 777
779 699 780
780 779 781
781 780 861
782 702 862
783 784 863
784 704 783 864
785 705 786
786 785 787
787 786 867
788 708 868
789 709 869
790 791
791 790 792
792 712 791 793
793 792 794
794 714 793 795
795 794 875
796 716 876
797 798 877
798 797 878
799 719 879
800 720 880
801 802 881
802 722 801 882
803 804 883
804 724 803
805 806 885
806 726 805
807 727 808
808 807 809
809 729 808
810 730 811 890
811 731 810
812 732
813 733 893
814 815 894
815 814 895
816 736 896
817 737 897
818 819
819 818 820 899
820 740 819
821 741 901
822 742 902
823 743 824
824 823 904
825 826 905
826 825 827
827 747 826
828 748 908
829 830 909
830 829 910
831 751
832 752 912
833 834 913
834 833 914
835 755
836 837 916
837 836 838
838 758 837
839 759 840 919
840 839
841 761 842
842 841 922
843 763 923
844 764 924
845 846 925
846 845 926
847 767 848
848 768 847
849 929
850 770 930
851 771 931
852 853
853 773 852 854
854 853 855
855 854 856
856 855 857
857 856 858
858 857 938
859 860 939
860 859 861
861 781 860
862 782 863
863 783 862
864 784 944
865 866 945
866 865 946
867 787 947
868 788 948
869 789 870
870 869 871
871 870 872
872 871 952
873 874
874 873 875 954
875 795 874
876 796 956
877 797 957
878 798 958
879 799 959
880 800 881
881 801 880
882 802 962
883 803 884
884 883 964
885 805 886 965
886 885 887
887 886 888
888 887 889 968
889 888
890 810 891
891 890 892
892 891 972
893 813 973
894 814 974
895 815 896
896 816 895
897 817 898
898 897 978
899 819
900 901 980
901 821 900
902 822 903
903 902 904
904 824 903
905 825 985
906 907
907 906 987
908 828 909
909 829 908
910 830 990
911 912 991
912 832 911 992
913 833 993
914 834 915
915 914 916
916 836 915
917 918 997
918 917 919
919 839 918
920 921 1000
921 920 922
922 842 921 923
923 843 922
924 844 1004
925 845 1005
926 846 1006
927 928 1007
928 927 1008
929 849 930
930 850 929 931
931 851 930
932 933 1012
933 932 934
934 933 935
935 934 1015
936 937 1016
937 936 938
938 858 937 939
939 859 938 1019
940 941 1020
941 940 1021
942 943 1022
943 942 1023
944 864 1024
945 865 1025
946 866 1026
947 867 1027
948 868
949 950 1029
950 949 951
951 950 1031
952 872 953
953 952 1033
954 874
955 956 1035
956 876 955
957 877 1037
958 878 959
959 879 958 1039
960 961 1040
961 960 962
962 882 961
963 964 1043
964 884 963
965 885
966 967 1046
967 966 1047
968 888 969 1048
969 968 970 1049
970 969 1050
971 1051
972 892 973
973 893 972
974 894 1054
975 976 1055
976 975 977
977 976
978 898 979
979 978 1059
980 900 981
981 980 1061
982 983 1062
983 982 984
984 983 985
985 905 984 986
986 985 1066
987 907 988 1067
988 987 989
989 988 1069
990 910 991
991 911 990
992 912 1072
993 913 994
994 993 995
995 994 1075
996 997
997 917 996 1077
998 999 1078
999 998 1079
1000 920 1080
1001 1081
1002 1003 1082
1003 1002 1083
1004 924
1005 925 1085
1006 926 1086
1007 927 1087
1008 928 1009
1009 1008 1089
1010 1011 1090
1011 1010 1091
1012 932 1013
1013 1012 1093
1014 1015 1094
1015 935 1014
1016 936
1017 1018 1097
1018 1017 1098
1019 939
1020 940 1100
1021 941 1101
1022 942 1102
1023 943 1103
1024 944 1104
1025 945 1105
1026 946 1027
1027 947 1026
1028 1029 1108
1029 949 1028 1030
1030 1029
1031 951 1032 1111
1032 1031
1033 953 1034
1034 1033 1114
1035 955 1115
1036 1037 1116
1037 957 1036
1038 1039 1118
1039 959 1038
1040 960 1120
1041 1121
1042 1043 1122
1043 963 1042
1044 1045 1124
1045 1044 1046
1046 966 1045
1047 967 1127
1048 968 1128
1049 969 1129
1050 970 1051
1051 971 1050 1052
1052 1051 1053 1132
1053 1052
1054 974 1134
1055 975 1056 1135
1056 1055 1057
1057 1056 1058
1058 1057 1138
1059 979 1060 1139
1060 1059
1061 981 1141
1062 982 1142
1063 1064 1143
1064 1063 1065
1065 1064 1066
1066 986 1065
1067 987 1147
1068 1069 1148
1069 989 1068 1070
1070 1069 1150
1071 1072 1151
1072 992 1071 1073
1073 1072 1074
1074 1073
1075 995 1076
1076 1075 1156
1077 997 1078
1078 998 1077
1079 999 1080
1080 1000 1079 1081
1081 1001 1080
1082 1002 1162
1083 1003 1084
1084 1083 1164
1085 1005 1165
1086 1006 1166
1087 1007 1167
1088 1168
1089 1009 1090
1090 1010 1089
1091 1011 1171
1092 1093 1172
1093 1013 1092
1094 1014 1095
1095 1094 1175
1096 1097 1176
1097 1017 1096
1098 1018 1099
1099 1098 1179
1100 1020 1180
1101 1021 1181
1102 1022 1182
1103 1023 1104
1104 1024 1103
1105 1025 1106
1106 1105 1107
1107 1106 1108
1108 1028 1107
1109 1110 1189
1110 1109 1190
1111 1031 1112
1112 1111 1192
1113 1114 1193
1114 1034 1113 1115
1115 1035 1114
1116 1036 1196
1117 1118 1197
1118 1038 1117
1119 1199
1120 1040 1200
1121 1041 1201
1122 1042 1202
1123 1124 1203
1124 1044 1123 1125
1125 1124 1126
1126 1125
1127 1047 1207
1128 1048 1208
1129 1049 1130
1130 1129 1210
1131 1132
1132 1052 1131 1212
1133 1134 1213
1134 1054 1133
1135 1055
1136 1137 1216
1137 1136 1217
1138 1058 1218
1139 1059 1140
1140 1139 1141
1141 1061 1140
1142 1062
1143 1063 1144
1144 1143 1145
1145 1144 1225
1146 1226
1147 1067 1227
1148 1068 1228
1149 1150
1150 1070 1149
1151 1071 1231
1152 1232
1153 1154 1233
1154 1153 1155
1155 1154 1235
1156 1076 1157
1157 1156 1158
1158 1157 1159
1159 1158 1160
1160 1159 1161
1161 1160 1162
1162 1082 1161
1163 1243
1164 1084 1165
1165 1085 1164
1166 1086 1167
1167 1087 1166
1168 1088 1169 1248
1169 1168 1170
1170 1169 1250
1171 1091 1172
1172 1092 1171
1173 1174 1253
1174 1173 1175
1175 1095 1174
1176 1096 1177 1256
1177 1176 1178
1178 1177 1258
1179 1099 1180
1180 1100 1179
1181 1101 1261
1182 1102 1183
1183 1182 1184
1184 1183 1264
1185 1265
1186 1187 1266
1187 1186 1188 1267
1188 1187 1189
1189 1109 1188
1190 1110 1191
1191 1190 1271
1192 1112 1193 1272
1193 1113 1192 1194
1194 1193
1195 1196 1275
1196 1116 1195
1197 1117 1198
1198 1197 1278
1199 1119 1279
1200 1120 1201
1201 1121 1200
1202 1122 1203
1203 1123 1202
1204 1205 1284
1205 1204 1285
1206 1207 1286
1207 1127 1206
1208 1128 1209
1209 1208 1289
1210 1130 1211
1211 1210 1291
1212 1132 1292
1213 1133 1214 1293
1214 1213 1215
1215 1214 1216
1216 1136 1215
1217 1137 1218
1218 1138 1217 1219
1219 1218 1220
1220 1219 1221
1221 1220 1301
1222 1223 1302
1223 1222 1224
1224 1223 1304
1225 1145 1305
1226 1146 1306
1227 1147 1307
1228 1148 1229
1229 1228 1309
1230 1231 1310
1231 1151 1230
1232 1152 1312
1233 1153 1234
1234 1233 1314
1235 1155 1236
1236 1235 1237
1237 1236 1238
1238 1237 1239 1318
1239 1238
1240 1241 1320
1241 1240 1242
1242 1241 1243
1243 1163 1242 1244
1244 1243 1245 1324
1245 1244 1325
1246 1247
1247 1246 1327
1248 1168 1249 1328
1249 1248 1329
1250 1170
1251 1252 1331
1252 1251 1253
1253 1173 1252
1254 1334
1255 1256 1335
1256 1176 1255 1257
1257 1256
1258 1178 1338
1259 1260 1339
1260 1259
1261 1181 1262
1262 1261 1263
1263 1262 1343
1264 1184 1265
1265 1185 1264
1266 1186 1346
1267 1187
1268 1269 1348
1269 1268 1349
1270 1271 1350
1271 1191 1270
1272 1192 1273
1273 1272
1274 1275 1354
1275 1195 1274
1276 1356
1277 1278 1357
1278 1198 1277
1279 1199 1359
1280 1281 1360
1281 1280 1361
1282 1283 1362
1283 1282 1284
1284 1204 1283
1285 1205 1365
1286 1206 1287
1287 1286 1367
1288 1289 1368
1289 1209 1288
1290 1370
1291 1211 1371
1292 1212
1293 1213 1373
1294 1295 1374
1295 1294 1296
1296 1295 1376
1297 1298 1377
1298 1297 1299
1299 1298 1300
1300 1299
1301 1221 1381
1302 1222 1382
1303 1383
1304 1224 1384
1305 1225 1385
1306 1226 1307
1307 1227 1306 1308
1308 1307
1309 1229 1389
1310 1230 1311
1311 1310 1391
1312 1232 1313 1392
1313 1312
1314 1234 1315
1315 1314 1395
1316 1317 1396
1317 1316
1318 1238 1319
1319 1318 1320
1320 1240 1319
1321 1322 1401
1322 1321 1323
1323 1322 1324
1324 1244 1323
1325 1245 1326
1326 1325 1327
1327 1247 1326 1407
1328 1248 1408
1329 1249 1330
1330 1329 1331
1331 1251 1330
1332 1412
1333 1334 1413
1334 1254 1333 1335
1335 1255 1334
1336 1337 1416
1337 1336 1338
1338 1258 1337
1339 1259 1340 1419
1340 1339 1341
1341 1340 1342
1342 1341 1422
1343 1263 1344
1344 1343 1345
1345 1344 1425
1346 1266 1347
1347 1346 1348
1348 1268 1347
1349 1269 1429
1350 1270 1351
1351 1350 1352
1352 1351 1353
1353 1352 1433
1354 1274 1434
1355 1356
1356 1276 1355 1436
1357 1277 1358
1358 1357 1359
1359 1279 1358 1439
1360 1280 1440
1361 1281 1441
1362 1282 1442
1363 1364 1443
1364 1363 1444
1365 1285 1366
1366 1365 1367
1367 1287 1366
1368 1288 1369
1369 1368 1370 1449
1370 1290 1369
1371 1291 1372
1372 1371 1373
1373 1293 1372
1374 1294 1375
1375 1374 1455
1376 1296 1456
1377 1297 1378
1378 1377 1458
1379 1380 1459
1380 1379 1460
1381 1301 1461
1382 1302 1462
1383 1303 1463
1384 1304 1385
1385 1305 1384
1386 1387 1466
1387 1386 1388
1388 1387 1389
1389 1309 1388 1390
1390 1389
1391 1311 1471
1392 1312 1393 1472
1393 1392 1473
1394 1395 1474
1395 1315 1394
1396 1316 1397 1476
1397 1396 1398
1398 1397 1399
1399 1398 1400 1479
1400 1399 1480
1401 1321 1402
1402 1401 1403
1403 1402 1404
1404 1403 1484
1405 1406
1406 1405 1407 1486
1407 1327 1406
1408 1328 1488
1409 1410
1410 1409 1411
1411 1410 1412
1412 1332 1411 1413
1413 1333 1412
1414 1415 1494
1415 1414 1495
1416 1336 1417 1496
1417 1416 1418
1418 1417 1498
1419 1339 1420
1420 1419
1421 1422 1501
1422 1342 1421 1423
1423 1422 1424
1424 1423
1425 1345 1426 1505
1426 1425 1427
1427 1426 1428
1428 1427 1508
1429 1349 1430
1430 1429 1510
1431 1432 1511
1432 1431 1512
1433 1353 1513
1434 1354 1435
1435 1434 1515
1436 1356 1437
1437 1436 1438 1517
1438 1437 1518
1439 1359 1519
1440 1360 1520
1441 1361 1442
1442 1362 1441
1443 1363 1523
1444 1364 1445
1445 1444 1446
1446 1445 1526
1447 1448 1527
1448 1447 1528
1449 1369
1450 1451 1530
1451 1450 1531
1452 1453 1532
1453 1452 1454
1454 1453 1455
1455 1375 1454
1456 1376 1457
1457 1456 1537
1458 1378 1459
1459 1379 1458 1539
1460 1380 1540
1461 1381 1462
1462 1382 1461
1463 1383 1464 1543
1464 1463 1465 1544
1465 1464
1466 1386 1467 1546
1467 1466 1468
1468 1467 1469
1469 1468 1470
1470 1469 1550
1471 1391 1551
1472 1392
1473 1393 1553
1474 1394 1554
1475 1476 1555
1476 1396 1475 1477
1477 1476
1478 1479 1558
1479 1399 1478
1480 1400 1481
1481 1480 1482
1482 1481 1483
1483 1482 1563
1484 1404 1485
1485 1484 1565
1486 1406 1487
1487 1486
1488 1408 1489
1489 1488 1490
1490 1489 1491
1491 1490 1492
1492 1491 1572
1493 1494 1573
1494 1414 1493
1495 1415 1575
1496 1416 1497
1497 1496 1577
1498 1418 1499
1499 1498 1500
1500 1499 1580
1501 1421 1581
1502 1503 1582
1503 1502 1504
1504 1503 1505
1505 1425 1504 1585
1506 1507 1586
1507 1506 1587
1508 1428 1509
1509 1508 1589
1510 1430 1590
1511 1431 1591
1512 1432
1513 1433 1593
1514 1515 1594
1515 1435 1514
1516 1517 1596
1517 1437 1516
1518 1438 1598
1519 1439 1599
1520 1440 1521
1521 1520 1522
1522 1521 1602
1523 1443 1603
1524 1525 1604
1525 1524 1605
1526 1446 1527
1527 1447 1526
1528 1448 1608
1529 1530 1609
1530 1450 1529
1531 1451 1532
1532 1452 1531 1612
1533 1534 1613
1534 1533 1535
1535 1534 1615
1536 1616
1537 1457 1538
1538 1537 1618
1539 1459
1540 1460 1541
1541 1540 1542
1542 1541 1543
1543 1463 1542 1623
1544 1464 1545
1545 1544 1546
1546 1466 1545
1547 1548 1627
1548 1547 1549
1549 1548 1550
1550 1470 1549
1551 1471 1552
1552 1551 1553 1632
1553 1473 1552
1554 1474 1634
1555 1475 1556
1556 1555 1636
1557 1558 1637
1558 1478 1557
1559 1560
1560 1559 1561
1561 1560 1562
1562 1561 1642
1563 1483 1643
1564 1644
1565 1485 1566
1566 1565 1567
1567 1566 1568
1568 1567 1569
1569 1568 1570
1570 1569 1571 1650
1571 1570 1651
1572 1492 1573
1573 1493 1572
1574 1654
1575 1495 1655
1576 1577 1656
1577 1497 1576 1578
1578 1577 1579
1579 1578
1580 1500 1660
1581 1501 1582
1582 1502 1581
1583 1584 1663
1584 1583 1664
1585 1505
1586 1506 1666
1587 1507 1588
1588 1587 1668
1589 1509 1590
1590 1510 1589
1591 1511 1592 1671
1592 1591 1672
1593 1513 1594
1594 1514 1593
1595 1596 1675
1596 1516 1595 1676
1597 1677
1598 1518 1678
1599 1519 1679
1600 1601 1680
1601 1600 1602
1602 1522 1601
1603 1523 1683
1604 1524 1684
1605 1525
1606 1607 1686
1607 1606 1608
1608 1528 1607
1609 1529 1689
1610 1611 1690
1611 1610 1691
1612 1532 1613
1613 1533 1612 1693
1614 1615
1615 1535 1614 1616
1616 1536 1615
1617 1618 1697
1618 1538 1617 1698
1619 1620 1699
1620 1619 1700
1621 1622 1701
1622 1621 1702
1623 1543 1703
1624 1625
1625 1624 1626
1626 1625 1706
1627 1547 1707
1628 1629 1708
1629 1628 1630
1630 1629 1631
1631 1630 1711
1632 1552 1712
1633 1634 1713
1634 1554 1633
1635 1636
1636 1556 1635
1637 1557 1717
1638 1639 1718
1639 1638 1640
1640 1639 1641
1641 1640 1721
1642 1562 1643
1643 1563 1642 1723
1644 1564 1645 1724
1645 1644 1646
1646 1645 1647
1647 1646 1727
1648 1649 1728
1649 1648 1650
1650 1570 1649
1651 1571
1652 1653 1732
1653 1652 1733
1654 1574 1655 1734
1655 1575 1654
1656 1576
1657 1658 1737
1658 1657 1659
1659 1658 1739
1660 1580 1740
1661 1662 1741
1662 1661 1663
1663 1583 1662
1664 1584 1665
1665 1664 1745
1666 1586 1667 1746
1667 1666
1668 1588 1669
1669 1668 1670
1670 1669 1750
1671 1591 1751
1672 1592 1673
1673 1672 1674
1674 1673 1675
1675 1595 1674
1676 1596 1756
1677 1597 1678 1757
1678 1598 1677
1679 1599 1759
1680 1600 1681 1760
1681 1680 1761
1682 1683 1762
1683 1603 1682
1684 1604 1685 1764
1685 1684 1765
1686 1606 1687
1687 1686 1767
1688 1689 1768
1689 1609 1688
1690 1610 1770
1691 1611 1692
1692 1691 1772
1693 1613 1773
1694 1695 1774
1695 1694 1775
1696 1697 1776
1697 1617 1696
1698 1618
1699 1619 1779
1700 1620 1701
1701 1621 1700
1702 1622 1782
1703 1623 1704
1704 1703 1705
1705 1704 1706
1706 1626 1705 1786
1707 1627 1787
1708 1628 1788
1709 1710
1710 1709 1790
1711 1631 1791
1712 1632 1792
1713 1633 1793
1714 1715 1794
1715 1714 1795
1716 1717 1796
1717 1637 1716
1718 1638 1798
1719 1720
1720 1719 1800
1721 1641 1722
1722 1721 1802
1723 1643 1803
1724 1644 1804
1725 1726 1805
1726 1725 1727
1727 1647 1726
1728 1648 1808
1729 1730 1809
1730 1729 1731
1731 1730 1732
1732 1652 1731
1733 1653 1734
1734 1654 1733
1735 1736 1815
1736 1735 1816
1737 1657 1817
1738 1739
1739 1659 1738 1740
1740 1660 1739
1741 1661 1742
1742 1741 1743
1743 1742 1744
1744 1743 1824
1745 1665 1746
1746 1666 1745
1747 1748 1827
1748 1747 1749
1749 1748 1750
1750 1670 1749
1751 1671 1752
1752 1751 1832
1753 1754 1833
1754 1753 1755
1755 1754 1835
1756 1676 1836
1757 1677
1758 1759 1838
1759 1679 1758
1760 1680 1840
1761 1681 1841
1762 1682 1842
1763 1764
1764 1684 1763
1765 1685 1845
1766 1767 1846
1767 1687 1766 1847
1768 1688 1769
1769 1768 1849
1770 1690 1771
1771 1770 1851
1772 1692 1852
1773 1693
1774 1694 1854
1775 1695 1855
1776 1696 1777
1777 1776 1778
1778 1777 1779 1858
1779 1699 1778 1780
1780 1779 1781
1781 1780
1782 1702 1783 1862
1783 1782 1863
1784 1864
1785 1786 1865
1786 1706 1785
1787 1707 1788
1788 1708 1787 1789
1789 1788 1869
1790 1710 1870
1791 1711 1871
1792 1712 1872
1793 1713 1794
1794 1714 1793
1795 1715 1875
1796 1716 1797
1797 1796 1798 1877
1798 1718 1797
1799 1800 1879
1800 1720 1799 1880
1801 1881
1802 1722 1882
1803 1723 1804
1804 1724 1803
1805 1725 1885
1806 1807 1886
1807 1806
1808 1728 1888
1809 1729 1889
1810 1811
1811 1810 1812
1812 1811 1813 1892
1813 1812 1814 1893
1814 1813 1815
1815 1735 1814
1816 1736 1817
1817 1737 1816
1818 1819 1898
1819 1818 1820
1820 1819 1821
1821 1820 1901
1822 1823 1902
1823 1822 1903
1824 1744 1825
1825 1824 1905
1826 1906
1827 1747 1828
1828 1827 1908
1829 1830
1830 1829 1831 1910
1831 1830 1911
1832 1752 1833
1833 1753 1832
1834 1914
1835 1755 1915
1836 1756 1837
1837 1836 1917
1838 1758 1918
1839 1919
1840 1760 1920
1841 1761 1842
1842 1762 1841
1843 1844 1923
1844 1843 1845 1924
1845 1765 1844
1846 1766 1926
1847 1767 1848
1848 1847 1928
1849 1769 1929
1850 1930
1851 1771 1931
1852 1772 1853
1853 1852 1854
1854 1774 1853
1855 1775 1856
1856 1855 1857
1857 1856 1937
1858 1778
1859 1860 1939
1860 1859 1861
1861 1860 1941
1862 1782
1863 1783 1943
1864 1784 1865 1944
1865 1785 1864
1866 1867 1946
1867 1866 1868
1868 1867 1948
1869 1789 1949
1870 1790 1950
1871 1791 1872
1872 1792 1871 1873
1873 1872 1874
1874 1873
1875 1795 1876
1876 1875 1956
1877 1797 1878
1878 1877 1879
1879 1799 1878
1880 1800 1881
1881 1801 1880 1961
1882 1802 1883
1883 1882 1963
1884 1964
1885 1805 1965
1886 1806 1966
1887 1888 1967
1888 1808 1887 1968
1889 1809 1969
1890 1891 1970
1891 1890 1971
1892 1812 1972
1893 1813 1973
1894 1895 1974
1895 1894 1896
1896 1895 1897
1897 1896 1898
1898 1818 1897
1899 1900
1900 1899 1980
1901 1821 1981
1902 1822 1982
1903 1823 1904
1904 1903 1984
1905 1825 1906
1906 1826 1905 1907
1907 1906 1987
1908 1828 1909
1909 1908 1989
1910 1830
1911 1831 1912 1991
1912 1911 1913
1913 1912 1914 1993
1914 1834 1913 1994
1915 1835 1995
1916 1996
1917 1837 1997
1918 1838 1919
1919 1839 1918 1999
1920 1840 2000
1921 1922
1922 1921 1923
1923 1843 1922 2003
1924 1844
1925 1926 2005
1926 1846 1925 2006
1927 1928
1928 1848 1927
1929 1849 2009
1930 1850 2010
1931 1851 2011
1932 1933 2012
1933 1932 1934 2013
1934 1933 2014
1935 1936
1936 1935 2016
1937 1857 1938
1938 1937 2018
1939 1859 2019
1940 1941 2020
1941 1861 1940
1942 1943 2022
1943 1863 1942
1944 1864 1945
1945 1944
1946 1866 1947 2026
1947 1946
1948 1868 2028
1949 1869 1950
1950 1870 1949 2030
1951 1952
1952 1951 2032
1953 1954 2033
1954 1953 1955 2034
1955 1954
1956 1876 2036
1957 1958
1958 1957 1959 2038
1959 1958 1960
1960 1959
1961 1881 2041
1962 1963 2042
1963 1883 1962
1964 1884 1965 2044
1965 1885 1964
1966 1886 2046
1967 1887 2047
1968 1888
1969 1889 1970
1970 1890 1969
1971 1891 2051
1972 1892 2052
1973 1893 2053
1974 1894 1975
1975 1974 2055
1976 1977
1977 1976 1978
1978 1977 1979 2058
1979 1978 1980
1980 1900 1979 2060
1981 1901 2061
1982 1902 1983
1983 1982 2063
1984 1904 1985
1985 1984 2065
1986 1987 2066
1987 1907 1986
1988 2068
1989 1909 1990
1990 1989 2070
1991 1911 1992
1992 1991 2072
1993 1913 2073
1994 1914
1995 1915 2075
1996 1916 2076
1997 1917 2077
1998 1999 2078
1999 1919 1998
2000 1920 2001
2001 2000 2002
2002 2001 2082
2003 1923 2083
2004 2005 2084
2005 1925 2004 2085
2006 1926
2007 2008 2087
2008 2007 2009
2009 1929 2008
2010 1930 2090
2011 1931 2091
2012 1932 2092
2013 1933 2093
2014 1934 2015
2015 2014 2016
2016 1936 2015 2017
2017 2016
2018 1938 2019
2019 1939 2018
2020 1940 2021
2021 2020 2101
2022 1942 2023
2023 2022 2024
2024 2023 2025
2025 2024 2026
2026 1946 2025
2027 2028 2107
2028 1948 2027
2029 2109
2030 1950 2110
2031 2032 2111
2032 1952 2031
2033 1953 2113
2034 1954 2035
2035 2034 2036
2036 1956 2035
2037 2038 2117
2038 1958 2037
2039 2040 2119
2040 2039 2041
2041 1961 2040
2042 1962 2122
2043 2123
2044 1964 2124
2045 2046
2046 1966 2045 2126
2047 1967 2048
2048 2047 2128
2049 2050 2129
2050 2049 2051
2051 1971 2050
2052 1972 2132
2053 1973 2054 2133
2054 2053
2055 1975 2135
2056 2057 2136
2057 2056 2137
2058 1978 2138
2059 2060 2139
2060 1980 2059
2061 1981 2062 2141
2062 2061 2142
2063 1983 2143
2064 2144
2065 1985 2145
2066 1986 2146
2067 2068
2068 1988 2067 2148
2069 2070 2149
2070 1990 2069
2071 2072 2151
2072 1992 2071
2073 1993 2074
2074 2073 2075
2075 1995 2074
2076 1996 2156
2077 1997 2157
2078 1998 2079
2079 2078 2159
2080 2081 2160
2081 2080
2082 2002 2083
2083 2003 2082 2163
2084 2004 2164
2085 2005
2086 2087 2166
2087 2007 2086
2088 2089 2168
2089 2088 2090 2169
2090 2010 2089 2170
2091 2011 2171
2092 2012
2093 2013 2094 2173
2094 2093 2095
2095 2094 2096
2096 2095 2097
2097 2096 2098 2177
2098 2097 2099 2178
2099 2098 2100
2100 2099
2101 2021 2102
2102 2101 2103
2103 2102 2104
2104 2103 2184
2105 2106 2185
2106 2105 2186
2107 2027 2187
2108 2188
2109 2029 2110 2189
2110 2030 2109
2111 2031 2112
2112 2111 2192
2113 2033 2114
2114 2113 2115
2115 2114 2195
2116 2117 2196
2117 2037 2116 2118
2118 2117 2119
2119 2039 2118
2120 2121 2200
2121 2120 2122 2201
2122 2042 2121
2123 2043 2124
2124 2044 2123 2204
2125 2126 2205
2126 2046 2125 2127
2127 2126
2128 2048 2208
2129 2049 2130
2130 2129 2131
2131 2130 2211
2132 2052 2212
2133 2053 2134
2134 2133 2214
2135 2055 2136 2215
2136 2056 2135
2137 2057 2138
2138 2058 2137
2139 2059
2140 2141 2220
2141 2061 2140
2142 2062
2143 2063 2144
2144 2064 2143 2224
2145 2065 2146
2146 2066 2145 2147
2147 2146 2148
2148 2068 2147
2149 2069 2150
2150 2149 2230
2151 2071 2152
2152 2151 2232
2153 2154 2233
2154 2153 2155
2155 2154 2235
2156 2076 2236
2157 2077 2237
2158 2159 2238
2159 2079 2158
2160 2080 2240
2161 2162 2241
2162 2161 2163
2163 2083 2162
2164 2084 2165
2165 2164 2245
2166 2086 2246
2167 2168
2168 2088 2167 2248
2169 2089 2249
2170 2090 2250
2171 2091 2172
2172 2171 2252
2173 2093 2174
2174 2173 2175
2175 2174 2176
2176 2175 2256
2177 2097 2257
2178 2098
2179 2180 2259
2180 2179 2260
2181 2182 2261
2182 2181 2183
2183 2182 2263
2184 2104 2185
2185 2105 2184
2186 2106 2187 2266
2187 2107 2186
2188 2108 2189
2189 2109 2188 2190
2190 2189 2191
2191 2190 2192
2192 2112 2191 2193
2193 2192 2194
2194 2193
2195 2115 2275
2196 2116 2197
2197 2196 2277
2198 2199
2199 2198 2279
2200 2120 2280
2201 2121
2202 2203 2282
2203 2202 2283
2204 2124 2205
2205 2125 2204
2206 2207 2286
2207 2206 2208
2208 2128 2207 2288
2209 2210
2210 2209 2290
2211 2131 2291
2212 2132 2213 2292
2213 2212
2214 2134 2215
2215 2135 2214
2216 2217 2296
2217 2216 2297
2218 2219 2298
2219 2218 2299
2220 2140 2300
2221 2222 2301
2222 2221 2223
2223 2222 2224
2224 2144 2223 2225
2225 2224
2226 2227 2306
2227 2226 2228
2228 2227 2229
2229 2228 2309
2230 2150 2310
2231 2232
2232 2152 2231 2312
2233 2153 2234 2313
2234 2233 2314
2235 2155 2236
2236 2156 2235
2237 2157 2238
2238 2158 2237
2239 2319
2240 2160 2320
2241 2161 2321
2242 2243 2322
2243 2242 2244
2244 2243 2245
2245 2165 2244 2325
2246 2166 2247
2247 2246 2327
2248 2168 2328
2249 2169 2329
2250 2170 2251
2251 2250 2331
2252 2172 2253
2253 2252 2254
2254 2253 2255
2255 2254 2335
2256 2176 2336
2257 2177 2258
2258 2257 2259
2259 2179 2258
2260 2180 2261
2261 2181 2260 2262
2262 2261 2342
2263 2183 2264
2264 2263 2265
2265 2264 2266
2266 2186 2265
2267 2268 2347
2268 2267 2269
2269 2268 2270
2270 2269 2271
2271 2270 2272
2272 2271 2273
2273 2272 2274
2274 2273 2275
2275 2195 2274
2276 2356
2277 2197 2278 2357
2278 2277 2279
2279 2199 2278
2280 2200 2360
2281 2282 2361
2282 2202 2281
2283 2203 2363
2284 2285 2364
2285 2284 2286
2286 2206 2285
2287 2288
2288 2208 2287 2289
2289 2288 2369
2290 2210 2370
2291 2211 2371
2292 2212
2293 2294 2373
2294 2293 2295
2295 2294 2375
2296 2216 2376
2297 2217 2298
2298 2218 2297
2299 2219 2379
2300 2220 2301
2301 2221 2300 2302
2302 2301 2303
2303 2302 2383
2304 2305 2384
2305 2304 2306
2306 2226 2305
2307 2308 2387
2308 2307 2388
2309 2229 2389
2310 2230 2311
2311 2310 2391
2312 2232 2392
2313 2233 2393
2314 2234 2315
2315 2314 2316
2316 2315 2317
2317 2316 2318
2318 2317 2319 2398
2319 2239 2318
2320 2240 2321 2400
2321 2241 2320
2322 2242 2402
2323 2324 2403
2324 2323 2325
2325 2245 2324
2326 2327 2406
2327 2247 2326
2328 2248
2329 2249 2409
2330 2331 2410
2331 2251 2330
2332 2333 2412
2333 2332 2334
2334 2333 2414
2335 2255 2415
2336 2256 2337
2337 2336 2338
2338 2337 2418
2339 2340 2419
2340 2339 2341
2341 2340 2421
2342 2262 2422
2343 2344 2423
2344 2343
2345 2346 2425
2346 2345 2426
2347 2267 2348
2348 2347 2349
2349 2348 2429
2350 2351
2351 2350 2352
2352 2351 2353
2353 2352 2354
2354 2353 2355 2434
2355 2354 2356
2356 2276 2355
2357 2277 2437
2358 2359 2438
2359 2358 2439
2360 2280 2440
2361 2281 2441
2362 2442
2363 2283 2443
2364 2284 2444
2365 2366 2445
2366 2365 2367
2367 2366 2368
2368 2367 2448
2369 2289 2370
2370 2290 2369
2371 2291 2451
2372 2373 2452
2373 2293 2372
2374 2375 2454
2375 2295 2374
2376 2296 2377 2456
2377 2376 2457
2378 2458
2379 2299 2459
2380 2381 2460
2381 2380 2382
2382 2381 2462
2383 2303
2384 2304 2464
2385 2386 2465
2386 2385 2387
2387 2307 2386 2467
2388 2308 2468
2389 2309 2390 2469
2390 2389 2391
2391 2311 2390
2392 2312 2472
2393 2313 2394
2394 2393 2474
2395 2396
2396 2395 2397
2397 2396 2477
2398 2318 2399
2399 2398 2479
2400 2320 2401
2401 2400 2481
2402 2322 2482
2403 2323
2404 2405 2484
2405 2404 2485
2406 2326 2486
2407 2408 2487
2408 2407 2409 2488
2409 2329 2408
2410 2330 2490
2411 2412 2491
2412 2332 2411 2492
2413 2414
2414 2334 2413
2415 2335 2416
2416 2415 2496
2417 2418
2418 2338 2417
2419 2339 2420
2420 2419 2500
2421 2341 2501
2422 2342 2423
2423 2343 2422 2503
2424 2425 2504
2425 2345 2424
2426 2346 2427 2506
2427 2426 2428
2428 2427
2429 2349 2430
2430 2429 2431
2431 2430 2432
2432 2431 2433
2433 2432 2513
2434 2354 2435
2435 2434 2436
2436 2435 2437
2437 2357 2436
2438 2358 2518
2439 2359 2440
2440 2360 2439
2441 2361 2521
2442 2362 2443
2443 2363 2442 2444
2444 2364 2443 2524
2445 2365 2446
2446 2445 2447
2447 2446 2527
2448 2368 2449
2449 2448 2450
2450 2449 2530
2451 2371 2452
2452 2372 2451
2453 2454 2533
2454 2374 2453
2455 2456
2456 2376 2455
2457 2377 2537
2458 2378 2459 2538
2459 2379 2458
2460 2380 2461
2461 2460 2541
2462 2382 2463
2463 2462 2464
2464 2384 2463
2465 2385 2466 2545
2466 2465
2467 2387 2547
2468 2388 2548
2469 2389 2549
2470 2471 2550
2471 2470 2551
2472 2392 2552
2473 2474
2474 2394 2473 2475
2475 2474 2555
2476 2477 2556
2477 2397 2476
2478 2479 2558
2479 2399 2478 2559
2480 2560
2481 2401 2561
2482 2402 2483
2483 2482 2484
2484 2404 2483
2485 2405 2486
2486 2406 2485
2487 2407
2488 2408 2568
2489 2569
2490 2410 2570
2491 2411 2571
2492 2412
2493 2494 2573
2494 2493 2495
2495 2494 2575
2496 2416 2497
2497 2496 2498
2498 2497 2499
2499 2498 2579
2500 2420 2580
2501 2421 2502
2502 2501 2582
2503 2423
2504 2424 2584
2505 2585
2506 2426 2507
2507 2506 2508
2508 2507 2509 2588
2509 2508 2589
2510 2511
2511 2510 2591
2512 2513 2592
2513 2433 2512
2514 2515 2594
2515 2514 2516
2516 2515 2596
2517 2518 2597
2518 2438 2517
2519 2520 2599
2520 2519 2521
2521 2441 2520
2522 2523 2602
2523 2522 2603
2524 2444 2525
2525 2524 2526
2526 2525 2606
2527 2447 2528
2528 2527 2608
2529 2530 2609
2530 2450 2529
2531 2532 2611
2532 2531 2533
2533 2453 2532
2534 2535
2535 2534 2536 2615
2536 2535 2616
2537 2457 2617
2538 2458 2618
2539 2540 2619
2540 2539 2541 2620
2541 2461 2540
2542 2543 2622
2543 2542 2544 2623
2544 2543
2545 2465 2625
2546 2547 2626
2547 2467 2546
2548 2468
2549 2469 2629
2550 2470 2630
2551 2471 2631
2552 2472 2553
2553 2552 2554
2554 2553 2634
2555 2475 2556
2556 2476 2555
2557 2558 2637
2558 2478 2557
2559 2479 2639
2560 2480 2640
2561 2481 2562
2562 2561 2563
2563 2562 2564
2564 2563 2644
2565 2566
2566 2565 2567 2646
2567 2566 2647
2568 2488 2648
2569 2489 2649
2570 2490 2650
2571 2491 2572 2651
2572 2571 2573
2573 2493 2572 2574
2574 2573
2575 2495 2576
2576 2575 2577 2656
2577 2576 2578
2578 2577 2658
2579 2499 2580
2580 2500 2579 2581
2581 2580
2582 2502 2662
2583 2584 2663
2584 2504 2583
2585 2505 2586 2665
2586 2585 2666
2587 2588 2667
2588 2508 2587
2589 2509 2590
2590 2589 2670
2591 2511 2671
2592 2512 2672
2593 2594
2594 2514 2593 2674
2595 2675
2596 2516 2676
2597 2517 2598
2598 2597 2678
2599 2519 2600
2600 2599 2601
2601 2600 2681
2602 2522 2682
2603 2523 2604
2604 2603 2684
2605 2606 2685
2606 2526 2605
2607 2608 2687
2608 2528 2607
2609 2529 2689
2610 2611 2690
2611 2531 2610
2612 2613 2692
2613 2612 2614 2693
2614 2613 2615
2615 2535 2614
2616 2536 2617
2617 2537 2616
2618 2538 2698
2619 2539 2699
2620 2540 2700
2621 2701
2622 2542 2702
2623 2543 2624
2624 2623 2704
2625 2545 2705
2626 2546 2706
2627 2628 2707
2628 2627 2708
2629 2549 2709
2630 2550 2710
2631 2551 2632
2632 2631 2712
2633 2634 2713
2634 2554 2633
2635 2636 2715
2636 2635 2637
2637 2557 2636
2638 2639 2718
2639 2559 2638
2640 2560 2641 2720
2641 2640 2642 2721
2642 2641 2643
2643 2642 2723
2644 2564 2645
2645 2644 2646
2646 2566 2645
2647 2567 2648
2648 2568 2647
2649 2569 2729
2650 2570 2730
2651 2571 2731
2652 2653 2732
2653 2652 2733
2654 2655 2734
2655 2654 2656
2656 2576 2655
2657 2658 2737
2658 2578 2657
2659 2660
2660 2659 2740
2661 2662 2741
2662 2582 2661
2663 2583 2664
2664 2663 2744
2665 2585 2745
2666 2586 2746
2667 2587 2668
2668 2667 2748
2669 2670 2749
2670 2590 2669
2671 2591 2751
2672 2592 2673
2673 2672 2674
2674 2594 2673
2675 2595 2676 2755
2676 2596 2675
2677 2678 2757
2678 2598 2677 2679
2679 2678 2680
2680 2679
2681 2601 2682
2682 2602 2681
2683 2684 2763
2684 2604 2683
2685 2605 2765
2686 2687 2766
2687 2607 2686
2688 2689 2768
2689 2609 2688
2690 2610 2691
2691 2690 2771
2692 2612
2693 2613 2773
2694 2774
2695 2696 2775
2696 2695 2697
2697 2696 2777
2698 2618 2778
2699 2619 2779
2700 2620 2780
2701 2621 2702
2702 2622 2701 2703
2703 2702 2783
2704 2624 2705
2705 2625 2704
2706 2626 2707
2707 2627 2706
2708 2628 2788
2709 2629 2789
2710 2630 2790
2711 2712 2791
2712 2632 2711
2713 2633 2714
2714 2713 2794
2715 2635 2716 2795
2716 2715 2796
2717 2797
2718 2638 2798
2719 2799
2720 2640 2800
2721 2641 2801
2722 2723
2723 2643 2722
2724 2725 2804
2725 2724 2726
2726 2725 2806
2727 2728 2807
2728 2727 2729
2729 2649 2728 2730
2730 2650 2729
2731 2651 2811
2732 2652 2812
2733 2653 2734 2813
2734 2654 2733
2735 2736
2736 2735 2737
2737 2657 2736 2738
2738 2737 2739
2739 2738 2819
2740 2660 2820
2741 2661 2742
2742 2741 2743
2743 2742 2823
2744 2664 2824
2745 2665 2825
2746 2666 2747
2747 2746 2827
2748 2668 2828
2749 2669 2829
2750 2751
2751 2671 2750 2752 2831
2752 2751 2753
2753 2752 2754
2754 2753 2834
2755 2675 2835
2756 2757 2836
2757 2677 2756
2758 2759 2838
2759 2758 2760
2760 2759 2840
2761 2762 2841
2762 2761 2842
2763 2683 2843
2764 2765
2765 2685 2764
2766 2686 2767
2767 2766 2847
2768 2688 2769
2769 2768 2770
2770 2769 2850
2771 2691 2772
2772 2771 2773
2773 2693 2772
2774 2694 2854
2775 2695 2855
2776 2856
2777 2697 2778
2778 2698 2777
2779 2699
2780 2700 2860
2781 2782 2861
2782 2781 2862
2783 2703
2784 2785 2864
2785 2784 2865
2786 2787 2866
2787 2786 2867
2788 2708 2789
2789 2709 2788
2790 2710 2870
2791 2711 2792
2792 2791 2793
2793 2792 2873
2794 2714 2874
2795 2715
2796 2716 2876
2797 2717 2877
2798 2718 2878
2799 2719 2879
2800 2720 2880
2801 2721 2802
2802 2801 2882
2803 2804 2883
2804 2724 2803
2805 2806 2885
2806 2726 2805
2807 2727 2887
2808 2809 2888
2809 2808 2889
2810 2811 2890
2811 2731 2810
2812 2732 2892
2813 2733
2814 2815 2894
2815 2814 2816
2816 2815 2896
2817 2818 2897
2818 2817 2819
2819 2739 2818
2820 2740 2821 2900
2821 2820 2822
2822 2821
2823 2743 2903
2824 2744 2825
2825 2745 2824
2826 2827 2906
2827 2747 2826
2828 2748 2908
2829 2749 2830
2830 2829 2831
2831 2751 2830
2832 2833
2833 2832 2834
2834 2754 2833 2914
2835 2755 2915
2836 2756 2837 2916
2837 2836 2917
2838 2758 2839
2839 2838 2919
2840 2760 2841
2841 2761 2840
2842 2762 2843
2843 2763 2842
2844 2845 2924
2845 2844 2846
2846 2845 2847
2847 2767 2846
2848 2849
2849 2848 2929
2850 2770 2930
2851 2852 2931
2852 2851 2932
2853 2854 2933
2854 2774 2853 2934
2855 2775 2935
2856 2776 2857
2857 2856 2858
2858 2857 2859 2938
2859 2858 2939
2860 2780 2861 2940
2861 2781 2860
2862 2782 2942
2863 2864 2943
2864 2784 2863
2865 2785 2866
2866 2786 2865
2867 2787 2868
2868 2867 2869
2869 2868 2949
2870 2790 2950
2871 2872 2951
2872 2871 2873
2873 2793 2872
2874 2794 2875
2875 2874 2955
2876 2796 2956
2877 2797 2957
2878 2798 2958
2879 2799 2959
2880 2800 2881
2881 2880 2961
2882 2802 2883
2883 2803 2882
2884 2964
2885 2805 2886
2886 2885 2887
2887 2807 2886
2888 2808 2968
2889 2809 2969
2890 2810 2891
2891 2890 2971
2892 2812 2893
2893 2892 2894
2894 2814 2893
2895 2896 2975
2896 2816 2895
2897 2817 2977
2898 2899 2978
2899 2898 2900
2900 2820 2899
2901 2902 2981
2902 2901 2903
2903 2823 2902 2983
2904 2905 2984
2905 2904 2985
2906 2826 2986
2907 2987
2908 2828 2909
2909 2908 2910
2910 2909 2911
2911 2910 2912
2912 2911 2913
2913 2912 2993
2914 2834 2994
2915 2835 2995
2916 2836
2917 2837 2918
2918 2917 2998
2919 2839 2999
2920 2921 3000
2921 2920 2922
2922 2921 2923
2923 2922 2924
2924 2844 2923
2925 3005
2926 2927 3006
2927 2926 2928 3007
2928 2927 2929
2929 2849 2928
2930 2850 2931
2931 2851 2930
2932 2852 2933
2933 2853 2932
2934 2854 2935
2935 2855 2934
2936 2937 3016
2937 2936 2938
2938 2858 2937
2939 2859 3019
2940 2860 2941
2941 2940
2942 2862 3022
2943 2863 2944
2944 2943 3024
2945 2946
2946 2945 2947
2947 2946 2948
2948 2947 3028
2949 2869 2950
2950 2870 2949
2951 2871 3031
2952 2953
2953 2952 2954
2954 2953 3034
2955 2875 2956
2956 2876 2955
2957 2877 2958 3037
2958 2878 2957
2959 2879 3039
2960 3040
2961 2881 3041
2962 2963
2963 2962 2964 3043
2964 2884 2963 2965
2965 2964 2966
2966 2965 2967
2967 2966 2968
2968 2888 2967
2969 2889 3049
2970 3050
2971 2891 2972
2972 2971 3052
2973 3053
2974 2975 3054
2975 2895 2974
2976 2977
2977 2897 2976 2978
2978 2898 2977 3058
2979 2980 3059
2980 2979 2981
2981 2901 2980
2982 2983 3062
2983 2903 2982 2984
2984 2904 2983
2985 2905
2986 2906 2987
2987 2907 2986 3067
2988 2989
2989 2988 2990 3069
2990 2989 3070
2991 2992 3071
2992 2991
2993 2913 3073
2994 2914
2995 2915 3075
2996 2997 3076
2997 2996 3077
2998 2918 3078
2999 2919 3079
3000 2920 3001
3001 3000 3002
3002 3001 3082
3003 3004 3083
3004 3003 3084
3005 2925 3085
3006 2926 3086
3007 2927 3008
3008 3007 3009
3009 3008 3010 3089
3010 3009 3090
3011 3012 3091
3012 3011 3092
3013 3014 3093
3014 3013 3015
3015 3014 3016
3016 2936 3015 3017
3017 3016 3018 3097
3018 3017 3098
3019 2939 3020
3020 3019 3100
3021 3022 3101
3022 2942 3021
3023 3024 3103
3024 2944 3023
3025 3026 3105
3026 3025 3027
3027 3026 3028
3028 2948 3027 3029 3108
3029 3028 3030
3030 3029
3031 2951 3032
3032 3031 3112
3033 3034 3113
3034 2954 3033 3035 3114
3035 3034 3036
3036 3035
3037 2957 3038
3038 3037 3039
3039 2959 3038 3119
3040 2960 3120
3041 2961 3042
3042 3041 3122
3043 2963 3044
3044 3043 3124
3045 3046 3125
3046 3045 3047
3047 3046 3048
3048 3047 3128
3049 2969 3129
3050 2970 3051
3051 3050 3131
3052 2972 3053
3053 2973 3052 3133
3054 2974 3055
3055 3054 3056
3056 3055 3057
3057 3056 3137
3058 2978 3138
3059 2979 3060
3060 3059 3061
3061 3060 3141
3062 2982
3063 3064 3143
3064 3063 3065
3065 3064 3066 3145
3066 3065 3146
3067 2987 3068
3068 3067 3069
3069 2989 3068
3070 2990 3150
3071 2991 3072 3151
3072 3071 3152
3073 2993 3074
3074 3073 3075
3075 2995 3074
3076 2996 3156
3077 2997 3078
3078 2998 3077 3158
3079 2999 3080
3080 3079 3160
3081 3082 3161
3082 3002 3081
3083 3003 3163
3084 3004 3085
3085 3005 3084
3086 3006 3166
3087 3088
3088 3087 3168
3089 3009 3169
3090 3010
3091 3011 3171
3092 3012 3172
3093 3013 3173
3094 3095 3174
3095 3094 3096
3096 3095 3176
3097 3017
3098 3018 3099
3099 3098 3179
3100 3020 3101 3180
3101 3021 3100
3102 3103 3182
3103 3023 3102
3104 3105 3184
3105 3025 3104
3106 3186
3107 3108 3187
3108 3028 3107
3109 3110 3189
3110 3109 3111
3111 3110 3112
3112 3032 3111
3113 3033 3193
3114 3034
3115 3116 3195
3116 3115 3117
3117 3116 3118
3118 3117 3119
3119 3039 3118
3120 3040 3121 3200
3121 3120 3201
3122 3042 3123
3123 3122 3124
3124 3044 3123
3125 3045
3126 3127 3206
3127 3126 3128
3128 3048 3127 3208
3129 3049 3130
3130 3129 3210
3131 3051 3132 3211
3132 3131
3133 3053 3213
3134 3135 3214
3135 3134 3136 3215
3136 3135
3137 3057 3217
3138 3058
3139 3140 3219
3140 3139 3220
3141 3061 3142
3142 3141 3143
3143 3063 3142
3144 3224
3145 3065 3225
3146 3066 3226
3147 3148 3227
3148 3147 3149
3149 3148 3150
3150 3070 3149
3151 3071 3231
3152 3072 3232
3153 3154 3233
3154 3153 3155
3155 3154 3156
3156 3076 3155 3157
3157 3156 3237
3158 3078 3238
3159 3239
3160 3080 3161
3161 3081 3160
3162 3242
3163 3083 3164 3243
3164 3163 3165
3165 3164 3166
3166 3086 3165 3167
3167 3166 3168
3168 3088 3167
3169 3089 3170
3170 3169 3171
3171 3091 3170
3172 3092 3173
3173 3093 3172 3253
3174 3094 3254
3175 3176
3176 3096 3175 3177
3177 3176 3178
3178 3177 3179
3179 3099 3178
3180 3100 3260
3181 3182 3261
3182 3102 3181
3183 3184
3184 3104 3183 3264
3185 3186 3265
3186 3106 3185 3266
3187 3107 3188
3188 3187 3268
3189 3109 3269
3190 3191
3191 3190 3192 3271
3192 3191
3193 3113 3194 3273
3194 3193 3195
3195 3115 3194 3196
3196 3195 3276
3197 3198 3277
3198 3197 3199
3199 3198 3279
3200 3120 3280
3201 3121 3281
3202 3203 3282
3203 3202 3204
3204 3203 3205
3205 3204 3206 3285
3206 3126 3205
3207 3208 3287
3208 3128 3207 3209
3209 3208
3210 3130 3290
3211 3131 3212
3212 3211 3292
3213 3133 3293
3214 3134
3215 3135 3216
3216 3215 3296
3217 3137 3218
3218 3217 3219
3219 3139 3218
3220 3140 3221
3221 3220 3222 3301
3222 3221 3223
3223 3222 3224
3224 3144 3223
3225 3145 3305
3226 3146 3306
3227 3147 3228
3228 3227 3308
3229 3230
3230 3229 3231 3310
3231 3151 3230
3232 3152 3233
3233 3153 3232
3234 3235 3314
3235 3234
3236 3237 3316
3237 3157 3236
3238 3158 3318
3239 3159 3240
3240 3239 3241
3241 3240 3242 3321
3242 3162 3241 3322
3243 3163 3323
3244 3245 3324
3245 3244 3246
3246 3245 3247
3247 3246 3248
3248 3247 3328
3249 3250 3329
3250 3249 3251
3251 3250 3252
3252 3251 3332
3253 3173 3333
3254 3174 3255
3255 3254 3335
3256 3257 3336
3257 3256
3258 3259 3338
3259 3258 3339
3260 3180 3340
3261 3181 3341
3262 3263 3342
3263 3262 3264
3264 3184 3263
3265 3185 3345
3266 3186
3267 3268 3347
3268 3188 3267
3269 3189 3270
3270 3269 3350
3271 3191 3272
3272 3271 3273
3273 3193 3272
3274 3275 3354
3275 3274 3355
3276 3196 3277
3277 3197 3276
3278 3358
3279 3199 3359
3280 3200 3360
3281 3201 3282
3282 3202 3281
3283 3284
3284 3283 3364
3285 3205 3365
3286 3287
3287 3207 3286
3288 3289 3368
3289 3288 3369
3290 3210 3291
3291 3290 3371
3292 3212 3372
3293 3213 3294
3294 3293 3374
3295 3296 3375
3296 3216 3295
3297 3298 3377
3298 3297 3378
3299 3300 3379
3300 3299 3380
3301 3221 3381
3302 3303 3382
3303 3302 3304
3304 3303 3305
3305 3225 3304
3306 3226 3307
3307 3306 3387
3308 3228 3309
3309 3308 3389
3310 3230 3311
3311 3310 3391
3312 3313 3392
3313 3312 3393
3314 3234 3315 3394
3315 3314 3395
3316 3236 3317
3317 3316 3397
3318 3238 3319
3319 3318 3320
3320 3319 3400
3321 3241 3401
3322 3242
3323 3243 3403
3324 3244 3325
3325 3324 3326
3326 3325 3406
3327 3407
3328 3248 3329
3329 3249 3328
3330 3410
3331 3332 3411
3332 3252 3331
3333 3253 3334
3334 3333 3414
3335 3255 3415
3336 3256 3337
3337 3336 3338 3417
3338 3258 3337
3339 3259 3340
3340 3260 3339
3341 3261 3342
3342 3262 3341
3343 3344 3423
3344 3343
3345 3265 3346 3425
3346 3345 3426
3347 3267 3427
3348 3349
3349 3348 3429
3350 3270 3351
3351 3350 3352
3352 3351 3353
3353 3352 3433
3354 3274 3434
3355 3275 3435
3356 3357 3436
3357 3356 3358
3358 3278 3357
3359 3279 3439
3360 3280 3361
3361 3360 3362
3362 3361 3442
3363 3364 3443
3364 3284 3363 3444
3365 3285 3366
3366 3365 3446
3367 3368 3447
3368 3288 3367
3369 3289 3370
3370 3369 3450
3371 3291 3451
3372 3292 3373 3452
3373 3372 3453
3374 3294 3454
3375 3295 3455
3376 3377 3456
3377 3297 3376 3457
3378 3298 3379
3379 3299 3378
3380 3300 3381
3381 3301 3380 3461
3382 3302 3383
3383 3382 3384
3384 3383 3464
3385 3386
3386 3385 3466
3387 3307 3467
3388 3389 3468
3389 3309 3388
3390 3470
3391 3311 3392
3392 3312 3391
3393 3313 3473
3394 3314 3474
3395 3315 3475
3396 3397 3476
3397 3317 3396
3398 3399 3478
3399 3398
3400 3320 3480
3401 3321 3402
3402 3401 3403 3482
3403 3323 3402
3404 3405 3484
3405 3404 3406
3406 3326 3405
3407 3327 3408 3487
3408 3407 3488
3409 3410 3489
3410 3330 3409 3411
3411 3331 3410
3412 3413 3492
3413 3412 3493
3414 3334 3494
3415 3335 3416
3416 3415 3496
3417 3337 3418
3418 3417 3498
3419 3420 3499
3420 3419 3500
3421 3422 3501
3422 3421 3423
3423 3343 3422 3424
3424 3423 3425
3425 3345 3424
3426 3346 3506
3427 3347 3507
3428 3429 3508
3429 3349 3428 3430
3430 3429 3431
3431 3430 3432
3432 3431
3433 3353 3434
3434 3354 3433
3435 3355 3515
3436 3356 3437 3516
3437 3436 3438
3438 3437 3439
3439 3359 3438
3440 3441 3520
3441 3440 3442
3442 3362 3441
3443 3363 3523
3444 3364 3524
3445 3525
3446 3366 3447
3447 3367 3446
3448 3449 3528
3449 3448 3529
3450 3370 3451
3451 3371 3450
3452 3372 3532
3453 3373
3454 3374 3455 3534
3455 3375 3454
3456 3376 3536
3457 3377
3458 3459 3538
3459 3458 3539
3460 3540
3461 3381 3462
3462 3461 3542
3463 3543
3464 3384 3465
3465 3464 3545
3466 3386 3467
3467 3387 3466
3468 3388 3548
3469 3470 3549
3470 3390 3469 3471
3471 3470 3472 3551
3472 3471
3473 3393 3553
3474 3394
3475 3395 3555
3476 3396 3556
3477 3478
3478 3398 3477 3479
3479 3478 3559
3480 3400 3481
3481 3480 3561
3482 3402
3483 3484 3563
3484 3404 3483
3485 3486
3486 3485 3487
3487 3407 3486
3488 3408 3489
3489 3409 3488 3569
3490 3491 3570
3491 3490 3571
3492 3412 3572
3493 3413 3573
3494 3414 3495
3495 3494
3496 3416 3576
3497 3577
3498 3418 3578
3499 3419
3500 3420 3580
3501 3421 3502
3502 3501 3582
3503 3504
3504 3503 3505 3584
3505 3504 3585
3506 3426 3507
3507 3427 3506
3508 3428 3588
3509 3510 3589
3510 3509 3511
3511 3510 3591
3512 3513 3592
3513 3512 3514
3514 3513 3594
3515 3435 3595
3516 3436 3596
3517 3518
3518 3517 3519 3598
3519 3518 3599
3520 3440 3600
3521 3522 3601
3522 3521 3523
3523 3443 3522
3524 3444 3525
3525 3445 3524 3526
3526 3525 3606
3527 3528 3607
3528 3448 3527
3529 3449 3609
3530 3531 3610
3531 3530
3532 3452 3533 3612
3533 3532 3534
3534 3454 3533
3535 3536 3615
3536 3456 3535
3537 3538 3617
3538 3458 3537
3539 3459 3619
3540 3460 3541
3541 3540 3542
3542 3462 3541 3543
3543 3463 3542 3544
3544 3543 3624
3545 3465 3546
3546 3545 3547
3547 3546 3548
3548 3468 3547
3549 3469 3629
3550 3630
3551 3471 3552
3552 3551 3632
3553 3473 3554
3554 3553 3555
3555 3475 3554 3635
3556 3476 3557
3557 3556 3558
3558 3557 3638
3559 3479 3560 3639
3560 3559 3640
3561 3481 3562
3562 3561 3642
3563 3483 3564 3643
3564 3563 3565
3565 3564 3566
3566 3565 3567
3567 3566 3568
3568 3567 3648
3569 3489 3570
3570 3490 3569
3571 3491 3572
3572 3492 3571
3573 3493 3574
3574 3573 3654
3575 3576 3655
3576 3496 3575
3577 3497 3657
3578 3498 3579
3579 3578 3659
3580 3500 3581
3581 3580 3661
3582 3502 3662
3583 3584 3663
3584 3504 3583
3585 3505 3665
3586 3587 3666
3587 3586 3588
3588 3508 3587
3589 3509 3669
3590 3670
3591 3511 3671
3592 3512 3672
3593 3673
3594 3514 3595
3595 3515 3594
3596 3516 3597
3597 3596 3677
3598 3518 3678
3599 3519
3600 3520 3601
3601 3521 3600
3602 3603 3682
3603 3602 3604 3683
3604 3603 3605
3605 3604
3606 3526 3607
3607 3527 3606
3608 3688
3609 3529 3689
3610 3530 3611
3611 3610 3612
3612 3532 3611 3692
3613 3614 3693
3614 3613 3694
3615 3535 3695
3616 3617 3696
3617 3537 3616
3618 3619 3698
3619 3539 3618 3699
3620 3621 3700
3621 3620 3622
3622 3621 3702
3623 3624
3624 3544 3623 3625
3625 3624 3626
3626 3625 3706
3627 3628 3707
3628 3627 3708
3629 3549 3630
3630 3550 3629 3631
3631 3630 3711
3632 3552 3633
3633 3632 3713
3634 3635 3714
3635 3555 3634
3636 3637 3716
3637 3636 3638
3638 3558 3637
3639 3559
3640 3560 3720
3641 3642 3721
3642 3562 3641
3643 3563 3644
3644 3643 3724
3645 3646 3725
3646 3645 3647
3647 3646 3648
3648 3568 3647
3649 3650
3650 3649 3651 3730
3651 3650 3652 3731
3652 3651
3653 3654 3733
3654 3574 3653
3655 3575 3656
3656 3655 3736
3657 3577 3658
3658 3657 3659
3659 3579 3658 3660
3660 3659 3661
3661 3581 3660
3662 3582 3663
3663 3583 3662
3664 3744
3665 3585 3745
3666 3586 3746
3667 3668 3747
3668 3667 3669
3669 3589 3668
3670 3590 3750
3671 3591 3672
3672 3592 3671
3673 3593 3753
3674 3675 3754
3675 3674 3676
3676 3675 3677
3677 3597 3676
3678 3598 3679
3679 3678 3759
3680 3681
3681 3680 3682 3761
3682 3602 3681
3683 3603
3684 3685 3764
3685 3684 3765
3686 3687 3766
3687 3686 3688
3688 3608 3687 3768
3689 3609 3690
3690 3689 3691
3691 3690 3771
3692 3612 3772
3693 3613 3773
3694 3614
3695 3615 3696
3696 3616 3695
3697 3698 3777
3698 3618 3697
3699 3619
3700 3620 3701
3701 3700 3781
3702 3622 3703
3703 3702 3783
3704 3705
3705 3704 3785
3706 3626 3786
3707 3627 3787
3708 3628 3709
3709 3708 3789
3710 3711 3790
3711 3631 3710
3712 3792
3713 3633 3714
3714 3634 3713 3715
3715 3714
3716 3636 3796
3717 3718 3797
3718 3717 3719
3719 3718 3720
3720 3640 3719 3800
3721 3641 3801
3722 3723 3802
3723 3722
3724 3644 3804
3725 3645 3726
3726 3725 3727
3727 3726 3728
3728 3727 3729
3729 3728 3809
3730 3650
3731 3651 3811
3732 3733 3812
3733 3653 3732
3734 3735 3814
3735 3734 3815
3736 3656 3737
3737 3736 3817
3738 3739 3818
3739 3738 3740
3740 3739 3741
3741 3740 3821
3742 3743 3822
3743 3742 3744 3823
3744 3664 3743
3745 3665 3825
3746 3666 3826
3747 3667 3748
3748 3747 3749
3749 3748 3829
3750 3670 3751 3830
3751 3750 3831
3752 3753 3832
3753 3673 3752 3754
3754 3674 3753
3755 3756 3835
3756 3755 3836
3757 3758 3837
3758 3757 3759 3838
3759 3679 3758
3760 3761 3840
3761 3681 3760
3762 3763 3842
3763 3762 3843
3764 3684 3844
3765 3685 3766
3766 3686 3765
3767 3847
3768 3688 3769
3769 3768 3770 3849
3770 3769
3771 3691 3851
3772 3692 3773 3852
3773 3693 3772
3774 3775 3854
3775 3774 3776
3776 3775 3856
3777 3697 3857
3778 3779 3858
3779 3778 3780 3859
3780 3779
3781 3701 3782
3782 3781 3862
3783 3703 3784
3784 3783 3864
3785 3705 3786
3786 3706 3785
3787 3707 3788
3788 3787 3868
3789 3709 3790
3790 3710 3789
3791 3792 3871
3792 3712 3791 3793 3872
3793 3792
3794 3795 3874
3795 3794 3796
3796 3716 3795
3797 3717 3798 3877
3798 3797 3799
3799 3798 3879
3800 3720
3801 3721 3881
3802 3722 3803
3803 3802 3804
3804 3724 3803 3805
3805 3804 3806
3806 3805
3807 3808 3887
3808 3807 3809
3809 3729 3808
3810 3811 3890
3811 3731 3810
3812 3732 3813
3813 3812 3814
3814 3734 3813
3815 3735 3816
3816 3815 3817
3817 3737 3816 3897
3818 3738 3898
3819 3820
3820 3819 3900
3821 3741 3822
3822 3742 3821
3823 3743 3903
3824 3825 3904
3825 3745 3824
3826 3746 3827
3827 3826 3828
3828 3827 3908
3829 3749 3909
3830 3750
3831 3751 3911
3832 3752 3912
3833 3834 3913
3834 3833 3914
3835 3755 3915
3836 3756 3837
3837 3757 3836
3838 3758 3839
3839 3838 3919
3840 3760 3841
3841 3840 3921
3842 3762 3922
3843 3763 3844
3844 3764 3843
3845 3846 3925
3846 3845 3847
3847 3767 3846 3848 3927
3848 3847
3849 3769 3929
3850 3851 3930
3851 3771 3850
3852 3772 3932
3853 3854 3933
3854 3774 3853
3855 3935
3856 3776 3936
3857 3777 3937
3858 3778 3938
3859 3779 3939
3860 3861 3940
3861 3860 3941
3862 3782 3942
3863 3943
3864 3784 3944
3865 3866 3945
3866 3865 3867
3867 3866 3947
3868 3788 3948
3869 3870 3949
3870 3869 3871
3871 3791 3870
3872 3792
3873 3874 3953
3874 3794 3873
3875 3876
3876 3875 3877
3877 3797 3876 3878
3878 3877
3879 3799 3880
3880 3879 3960
3881 3801 3882
3882 3881 3883
3883 3882 3884
3884 3883 3885
3885 3884 3886
3886 3885 3887
3887 3807 3886
3888 3889
3889 3888 3969
3890 3810 3891 3970
3891 3890 3892 3971
3892 3891 3972
3893 3894 3973
3894 3893 3895
3895 3894 3975
3896 3897 3976
3897 3817 3896
3898 3818 3899
3899 3898 3979
3900 3820 3901
3901 3900 3981
3902 3903 3982
3903 3823 3902 3983
3904 3824 3984
3905 3906 3985
3906 3905 3986
3907 3908 3987
3908 3828 3907
3909 3829 3910
3910 3909 3990
3911 3831 3912
3912 3832 3911 3992
3913 3833 3993
3914 3834 3994
3915 3835 3995
3916 3996
3917 3918 3997
3918 3917 3919
3919 3839 3918 3999
3920 3921 4000
3921 3841 3920 4001
3922 3842 3923
3923 3922 4003
3924 3925
3925 3845 3924 4005
3926 3927 4006
3927 3847 3926
3928 3929 4008
3929 3849 3928
3930 3850 3931
3931 3930 4011
3932 3852
3933 3853 4013
3934 3935 4014
3935 3855 3934 3936
3936 3856 3935
3937 3857 3938 4017
3938 3858 3937
3939 3859 3940
3940 3860 3939
3941 3861 4021
3942 3862 4022
3943 3863 4023
3944 3864 4024
3945 3865 4025
3946 4026
3947 3867 3948
3948 3868 3947 3949
3949 3869 3948
3950 3951 4030
3951 3950 3952
3952 3951 3953
3953 3873 3952
3954 3955 4034
3955 3954 3956
3956 3955 3957
3957 3956 3958
3958 3957 3959
3959 3958 4039
3960 3880 3961 4040
3961 3960 3962
3962 3961 3963
3963 3962 3964
3964 3963 3965
3965 3964 3966
3966 3965 3967
3967 3966 3968 4047
3968 3967 4048
3969 3889 3970
3970 3890 3969
3971 3891 4051
3972 3892
3973 3893 3974
3974 3973 4054
3975 3895 3976
3976 3896 3975
3977 3978 4057
3978 3977 4058
3979 3899 3980
3980 3979 4060
3981 3901 4061
3982 3902 4062
3983 3903
3984 3904 4064
3985 3905 4065
3986 3906 4066
3987 3907 3988 4067
3988 3987 3989 4068
3989 3988 4069
3990 3910 3991
3991 3990 4071
3992 3912 3993
3993 3913 3992
3994 3914 4074
3995 3915 3996
3996 3916 3995 4076
3997 3917 3998
3998 3997 4078
3999 3919 4079
4000 3920 4080
4001 3921 4002
4002 4001
4003 3923 4004
4004 4003 4005 4084
4005 3925 4004
4006 3926
4007 4008 4087
4008 3928 4007
4009 4010 4089
4010 4009 4090
4011 3931 4012
4012 4011 4013
4013 3933 4012
4014 3934 4015
4015 4014 4095
4016 4096
4017 3937 4097
4018 4019 4098
4019 4018 4099
4020 4100
4021 3941 4101
4022 3942 4102
4023 3943 4103
4024 3944 4104
4025 3945 4026
4026 3946 4025 4106
4027 4028 4107
4028 4027 4108
4029 4030 4109
4030 3950 4029 4110
4031 4032 4111
4032 4031 4112
4033 4034 4113
4034 3954 4033
4035 4036 4115
4036 4035 4037
4037 4036 4038
4038 4037 4118
4039 3959 4119
4040 3960 4041
4041 4040 4042
4042 4041 4043
4043 4042
4044 4045 4124
4045 4044 4046
4046 4045 4126
4047 3967 4127
4048 3968 4128
4049 4050 4129
4050 4049 4051 4130
4051 3971 4050
4052 4053 4132
4053 4052 4054
4054 3974 4053 4055
4055 4054 4056
4056 4055 4057 4136
4057 3977 4056
4058 3978
4059 4060 4139
4060 3980 4059
4061 3981 4141
4062 3982 4063
4063 4062 4064
4064 3984 4063
4065 3985 4145
4066 3986 4146
4067 3987 4147
4068 3988 4148
4069 3989 4149
4070 4071 4150
4071 3991 4070
4072 4073 4152
4073 4072
4074 3994 4154
4075 4076
4076 3996 4075
4077 4078 4157
4078 3998 4077
4079 3999
4080 4000 4160
4081 4082 4161
4082 4081 4083
4083 4082 4084
4084 4004 4083
4085 4086 4165
4086 4085 4087
4087 4007 4086 4167
4088 4089 4168
4089 4009 4088
4090 4010 4091 4170
4091 4090 4092
4092 4091 4172
4093 4173
4094 4095 4174
4095 4015 4094
4096 4016 4097
4097 4017 4096 4098
4098 4018 4097
4099 4019 4100
4100 4020 4099
4101 4021 4102
4102 4022 4101 4103
4103 4023 4102 4183
4104 4024 4105 4184
4105 4104 4185
4106 4026 4186
4107 4027
4108 4028 4188
4109 4029 4189
4110 4030
4111 4031 4191
4112 4032 4113
4113 4033 4112
4114 4194
4115 4035 4116 4195
4116 4115
4117 4118 4197
4118 4038 4117 4198
4119 4039 4120
4120 4119 4200
4121 4122 4201
4122 4121 4123
4123 4122 4203
4124 4044 4125
4125 4124 4205
4126 4046 4206
4127 4047 4207
4128 4048 4129
4129 4049 4128
4130 4050
4131 4132 4211
4132 4052 4131 4133
4133 4132
4134 4135 4214
4135 4134 4215
4136 4056 4216
4137 4138 4217
4138 4137 4218
4139 4059 4219
4140 4141
4141 4061 4140 4142 4221
4142 4141 4222
4143 4144 4223
4144 4143 4145
4145 4065 4144
4146 4066 4226
4147 4067
4148 4068 4228
4149 4069
4150 4070 4230
4151 4152 4231
4152 4072 4151 4232
4153 4154 4233
4154 4074 4153
4155 4156 4235
4156 4155 4236
4157 4077 4158
4158 4157 4159
4159 4158 4239
4160 4080 4240
4161 4081 4162
4162 4161 4163
4163 4162 4164
4164 4163 4244
4165 4085 4245
4166 4167
4167 4087 4166
4168 4088 4248
4169 4249
4170 4090 4171
4171 4170 4251
4172 4092 4252
4173 4093 4253
4174 4094 4254
4175 4176 4255
4176 4175 4177 4256
4177 4176 4178
4178 4177 4258
4179 4180 4259
4180 4179 4260
4181 4182 4261
4182 4181 4262
4183 4103
4184 4104 4264
4185 4105 4265
4186 4106 4266
4187 4188 4267
4188 4108 4187 4268
4189 4109 4269
4190 4191 4270
4191 4111 4190
4192 4193
4193 4192 4194
4194 4114 4193 4274
4195 4115 4275
4196 4197 4276
4197 4117 4196
4198 4118 4199
4199 4198
4200 4120 4280
4201 4121 4202
4202 4201 4282
4203 4123 4283
4204 4205 4284
4205 4125 4204
4206 4126 4286
4207 4127 4208
4208 4207 4209 4288
4209 4208 4210
4210 4209 4211
4211 4131 4210 4212
4212 4211
4213 4214 4293
4214 4134 4213
4215 4135 4295
4216 4136 4296
4217 4137 4297
4218 4138 4219
4219 4139 4218
4220 4221 4300
4221 4141 4220
4222 4142 4302
4223 4143 4224
4224 4223 4304
4225 4226 4305
4226 4146 4225
4227 4228 4307
4228 4148 4227 4308
4229 4230 4309
4230 4150 4229
4231 4151 4311
4232 4152
4233 4153 4234
4234 4233 4235
4235 4155 4234
4236 4156 4237
4237 4236 4238
4238 4237 4318
4239 4159 4319
4240 4160 4241 4320
4241 4240 4242
4242 4241 4322
4243 4244 4323
4244 4164 4243
4245 4165 4246
4246 4245 4247
4247 4246 4248
4248 4168 4247
4249 4169 4250
4250 4249 4330
4251 4171 4331
4252 4172 4332
4253 4173 4333
4254 4174 4334
4255 4175
4256 4176 4336
4257 4337
4258 4178 4259
4259 4179 4258
4260 4180 4340
4261 4181 4341
4262 4182 4263
4263 4262 4264
4264 4184 4263
4265 4185
4266 4186 4267
4267 4187 4266
4268 4188 4348
4269 4189 4349
4270 4190 4350
4271 4272
4272 4271 4273 4352
4273 4272 4353
4274 4194 4275
4275 4195 4274 4355
4276 4196 4356
4277 4278 4357
4278 4277 4279
4279 4278 4280
4280 4200 4279 4360
4281 4361
4282 4202 4362
4283 4203 4363
4284 4204 4364
4285 4365
4286 4206 4287
4287 4286 4367
4288 4208 4289
4289 4288 4290
4290 4289
4291 4292 4371
4292 4291 4293
4293 4213 4292
4294 4295 4374
4295 4215 4294
4296 4216
4297 4217 4377
4298 4299 4378
4299 4298 4300
4300 4220 4299 4380
4301 4302 4381
4302 4222 4301
4303 4304 4383
4304 4224 4303
4305 4225 4306
4306 4305 4307
4307 4227 4306
4308 4228 4388
4309 4229 4310
4310 4309 4390
4311 4231 4312
4312 4311 4313
4313 4312 4314
4314 4313 4315 4394
4315 4314 4316 4395
4316 4315
4317 4318 4397
4318 4238 4317
4319 4239 4399
4320 4240 4321
4321 4320 4401
4322 4242
4323 4243 4403
4324 4325 4404
4325 4324 4405
4326 4327 4406
4327 4326 4328 4407
4328 4327 4408
4329 4330 4409
4330 4250 4329 4410
4331 4251 4411
4332 4252 4333
4333 4253 4332 4413
4334 4254 4335
4335 4334 4336
4336 4256 4335
4337 4257 4338 4417
4338 4337 4418
4339 4340 4419
4340 4260 4339
4341 4261 4342 4421
4342 4341 4343
4343 4342 4344
4344 4343 4345
4345 4344 4346 4425
4346 4345 4426
4347 4348 4427
4348 4268 4347
4349 4269 4429
4350 4270 4351
4351 4350 4352
4352 4272 4351
4353 4273 4354
4354 4353 4434
4355 4275
4356 4276 4436
4357 4277 4358
4358 4357 4438
4359 4360
4360 4280 4359 4361
4361 4281 4360
4362 4282 4442
4363 4283 4364
4364 4284 4363
4365 4285 4366 4445
4366 4365 4446
4367 4287 4368
4368 4367 4369
4369 4368 4370
4370 4369 4371
4371 4291 4370
4372 4373
4373 4372 4453
4374 4294 4375
4375 4374 4376
4376 4375 4456
4377 4297 4457
4378 4298 4379
4379 4378
4380 4300 4460
4381 4301 4461
4382 4383
4383 4303 4382 4463
4384 4385 4464
4385 4384 4386
4386 4385 4466
4387 4388
4388 4308 4387 4389
4389 4388
4390 4310 4470
4391 4392 4471
4392 4391 4472
4393 4394 4473
4394 4314 4393
4395 4315
4396 4397 4476
4397 4317 4396
4398 4399 4478
4399 4319 4398 4479
4400 4401 4480
4401 4321 4400
4402 4403 4482
4403 4323 4402
4404 4324 4484
4405 4325 4406
4406 4326 4405
4407 4327 4487
4408 4328 4409 4488
4409 4329 4408
4410 4330
4411 4331 4412 4491
4412 4411 4492
4413 4333 4493
4414 4415 4494
4415 4414 4416 4495
4416 4415
4417 4337 4497
4418 4338 4419
4419 4339 4418
4420 4500
4421 4341 4422
4422 4421 4423
4423 4422 4503
4424 4504
4425 4345 4505
4426 4346 4506
4427 4347 4507
4428 4429 4508
4429 4349 4428 4430
4430 4429 4431 4510
4431 4430
4432 4433 4512
4433 4432 4513
4434 4354 4435
4435 4434 4436
4436 4356 4435 4437
4437 4436 4517
4438 4358 4518
4439 4440 4519
4440 4439 4441
4441 4440 4442
4442 4362 4441
4443 4523
4444 4445 4524
4445 4365 4444
4446 4366 4447
4447 4446 4448 4527
4448 4447 4449
4449 4448 4450
4450 4449 4451
4451 4450 4452
4452 4451 4532
4453 4373 4454
4454 4453 4455 4534
4455 4454 4535
4456 4376 4536
4457 4377 4537
4458 4459 4538
4459 4458 4460
4460 4380 4459
4461 4381 4462
4462 4461 4542
4463 4383 4464 4543
4464 4384 4463 4465
4465 4464
4466 4386 4467
4467 4466 4468
4468 4467 4548
4469 4470 4549
4470 4390 4469 4550
4471 4391 4551
4472 4392 4552
4473 4393 4553
4474 4475 4554
4475 4474 4555
4476 4396 4556
4477 4478 4557
4478 4398 4477
4479 4399 4559
4480 4400 4481 4560
4481 4480 4482
4482 4402 4481
4483 4484 4563
4484 4404 4483
4485 4486 4565
4486 4485 4566
4487 4407 4567
4488 4408 4568
4489 4490 4569
4490 4489 4570
4491 4411 4571
4492 4412 4572
4493 4413 4494
4494 4414 4493
4495 4415 4575
4496 4497 4576
4497 4417 4496
4498 4499 4578
4499 4498 4500
4500 4420 4499 4501
4501 4500
4502 4503 4582
4503 4423 4502
4504 4424 4584
4505 4425 4585
4506 4426
4507 4427 4587
4508 4428 4588
4509 4510
4510 4430 4509 4590
4511 4512 4591
4512 4432 4511
4513 4433 4514
4514 4513 4515 4594
4515 4514 4516
4516 4515
4517 4437 4597
4518 4438 4519
4519 4439 4518
4520 4600
4521 4522 4601
4522 4521 4602
4523 4443 4524 4603
4524 4444 4523
4525 4526 4605
4526 4525 4606
4527 4447 4528
4528 4527 4529
4529 4528 4530
4530 4529 4610
4531 4611
4532 4452 4533
4533 4532 4613
4534 4454
4535 4455 4615
4536 4456 4537
4537 4457 4536
4538 4458 4618
4539 4540 4619
4540 4539 4541 4620
4541 4540 4621
4542 4462 4622
4543 4463 4544
4544 4543
4545 4546 4625
4546 4545 4547 4626
4547 4546 4548
4548 4468 4547
4549 4469 4629
4550 4470 4630
4551 4471 4631
4552 4472 4632
4553 4473 4554
4554 4474 4553 4634
4555 4475 4635
4556 4476 4636
4557 4477 4558
4558 4557 4638
4559 4479 4639
4560 4480 4561
4561 4560 4641
4562 4563
4563 4483 4562 4643
4564 4644
4565 4485 4645
4566 4486 4567
4567 4487 4566
4568 4488
4569 4489 4649
4570 4490 4650
4571 4491
4572 4492 4573
4573 4572 4653
4574 4654
4575 4495 4655
4576 4496 4656
4577 4657
4578 4498 4579 4658
4579 4578 4659
4580 4581 4660
4581 4580 4582
4582 4502 4581
4583 4584 4663
4584 4504 4583 4664
4585 4505 4665
4586 4587 4666
4587 4507 4586
4588 4508 4589
4589 4588 4669
4590 4510
4591 4511 4592
4592 4591 4593
4593 4592 4673
4594 4514 4595
4595 4594 4675
4596 4597 4676
4597 4517 4596
4598 4599
4599 4598 4600
4600 4520 4599 4601 4680
4601 4521 4600
4602 4522 4682
4603 4523 4604
4604 4603 4605
4605 4525 4604
4606 4526 4686
4607 4608
4608 4607 4609
4609 4608 4689
4610 4530 4690
4611 4531 4612 4691
4612 4611
4613 4533 4614
4614 4613 4694
4615 4535 4616 4695
4616 4615 4617
4617 4616 4618
4618 4538 4617
4619 4539
4620 4540 4700
4621 4541
4622 4542 4623
4623 4622 4703
4624 4625 4704
4625 4545 4624
4626 4546
4627 4628 4707
4628 4627 4629
4629 4549 4628
4630 4550 4710
4631 4551 4711
4632 4552 4633
4633 4632 4713
4634 4554 4714
4635 4555 4715
4636 4556 4716
4637 4638 4717
4638 4558 4637
4639 4559 4719
4640 4720
4641 4561 4642
4642 4641 4722
4643 4563 4644
4644 4564 4643
4645 4565 4725
4646 4647 4726
4647 4646 4648
4648 4647 4728
4649 4569 4729
4650 4570 4651
4651 4650 4652
4652 4651 4653
4653 4573 4652 4733
4654 4574 4655
4655 4575 4654
4656 4576 4736
4657 4577 4658 4737
4658 4578 4657
4659 4579 4739
4660 4580 4740
4661 4741
4662 4663 4742
4663 4583 4662
4664 4584 4744
4665 4585 4666
4666 4586 4665
4667 4668 4747
4668 4667 4748
4669 4589 4670
4670 4669 4671
4671 4670 4672
4672 4671 4752
4673 4593 4753
4674 4675 4754
4675 4595 4674 4755
4676 4596 4677
4677 4676 4678
4678 4677 4679
4679 4678 4759
4680 4600
4681 4682 4761
4682 4602 4681 4762
4683 4684 4763
4684 4683 4685
4685 4684 4765
4686 4606 4687
4687 4686 4688
4688 4687 4768
4689 4609 4769
4690 4610 4770
4691 4611 4692
4692 4691 4693 4772
4693 4692 4773
4694 4614 4774
4695 4615 4775
4696 4776
4697 4698 4777
4698 4697 4699
4699 4698 4700 4779
4700 4620 4699
4701 4702 4781
4702 4701 4703
4703 4623 4702
4704 4624 4784
4705 4706 4785
4706 4705 4707
4707 4627 4706
4708 4709
4709 4708 4710
4710 4630 4709
4711 4631 4712
4712 4711 4792
4713 4633 4793
4714 4634
4715 4635 4795
4716 4636 4796
4717 4637 4718
4718 4717 4798
4719 4639
4720 4640 4721
4721 4720 4722
4722 4642 4721 4723
4723 4722 4724
4724 4723 4725
4725 4645 4724 4805
4726 4646 4806
4727 4807
4728 4648 4808
4729 4649 4730
4730 4729 4810
4731 4732 4811
4732 4731 4812
4733 4653
4734 4735 4814
4735 4734 4815
4736 4656 4816
4737 4657 4817
4738 4818
4739 4659 4819
4740 4660 4820
4741 4661 4742
4742 4662 4741 4743
4743 4742
4744 4664 4745
4745 4744 4825
4746 4747 4826
4747 4667 4746
4748 4668 4749 4828
4749 4748 4750 4829
4750 4749 4751
4751 4750
4752 4672 4832
4753 4673 4833
4754 4674 4834
4755 4675 4835
4756 4757
4757 4756 4758
4758 4757 4838
4759 4679 4839
4760 4761 4840
4761 4681 4760
4762 4682 4842
4763 4683 4764
4764 4763 4844
4765 4685 4766
4766 4765 4767 4846
4767 4766
4768 4688 4769
4769 4689 4768 4849
4770 4690 4771
4771 4770 4851
4772 4692 4852
4773 4693 4774
4774 4694 4773
4775 4695 4855
4776 4696 4777 4856
4777 4697 4776
4778 4858
4779 4699 4780
4780 4779 4860
4781 4701 4861
4782 4783
4783 4782 4784 4863
4784 4704 4783 4864
4785 4705 4865
4786 4787 4866
4787 4786 4788
4788 4787 4789
4789 4788 4790
4790 4789 4791
4791 4790 4871
4792 4712 4872
4793 4713 4794
4794 4793 4874
4795 4715 4796
4796 4716 4795 4797
4797 4796 4877
4798 4718 4799
4799 4798 4879
4800 4801 4880
4801 4800 4881
4802 4803
4803 4802 4804 4883
4804 4803 4884
4805 4725 4885
4806 4726 4886
4807 4727 4808
4808 4728 4807 4809
4809 4808 4810
4810 4730 4809 4890
4811 4731 4891
4812 4732 4813
4813 4812 4814
4814 4734 4813
4815 4735 4816
4816 4736 4815
4817 4737 4818
4818 4738 4817 4898
4819 4739 4899
4820 4740 4821
4821 4820 4822
4822 4821 4902
4823 4824 4903
4824 4823 4904
4825 4745 4905
4826 4746 4827
4827 4826 4907
4828 4748 4908
4829 4749
4830 4831 4910
4831 4830 4911
4832 4752 4833
4833 4753 4832
4834 4754 4914
4835 4755 4836
4836 4835 4837
4837 4836 4838
4838 4758 4837
4839 4759 4919
4840 4760 4841 4920
4841 4840 4921
4842 4762 4843
4843 4842 4923
4844 4764 4924
4845 4925
4846 4766 4847
4847 4846 4927
4848 4849 4928
4849 4769 4848
4850 4851 4930
4851 4771 4850
4852 4772 4853
4853 4852 4854
4854 4853 4855
4855 4775 4854
4856 4776 4857
4857 4856 4858
4858 4778 4857 4938
4859 4939
4860 4780 4940
4861 4781 4862
4862 4861 4863
4863 4783 4862
4864 4784 4944
4865 4785 4866
4866 4786 4865
4867 4868 4947
4868 4867 4869
4869 4868 4870
4870 4869 4950
4871 4791 4872
4872 4792 4871 4873
4873 4872
4874 4794 4875
4875 4874 4955
4876 4877 4956
4877 4797 4876
4878 4879 4958
4879 4799 4878 4959
4880 4800 4960
4881 4801 4882
4882 4881 4962
4883 4803
4884 4804 4885
4885 4805 4884
4886 4806 4887
4887 4886 4888
4888 4887 4968
4889 4890 4969
4890 4810 4889
4891 4811 4971
4892 4893 4972
4893 4892 4973
4894 4895 4974
4895 4894 4896 4975
4896 4895 4976
4897 4977
4898 4818 4978
4899 4819 4900
4900 4899 4901
4901 4900 4902
4902 4822 4901
4903 4823 4983
4904 4824 4905
4905 4825 4904
4906 4907 4986
4907 4827 4906
4908 4828 4988
4909 4910 4989
4910 4830 4909
4911 4831 4912 4991
4912 4911 4992
4913 4993
4914 4834 4915
4915 4914 4916
4916 4915 4996
4917 4918 4997
4918 4917 4998
4919 4839 4999
4920 4840
4921 4841 5001
4922 4923
4923 4843 4922
4924 4844 4925
4925 4845 4924 4926 5005
4926 4925
4927 4847 4928
4928 4848 4927 4929
4929 4928 5009
4930 4850 4931
4931 4930 5011
4932 4933 5012
4933 4932 4934
4934 4933 4935
4935 4934 5015
4936 4937 5016
4937 4936 4938
4938 4858 4937
4939 4859 5019
4940 4860 4941
4941 4940 4942
4942 4941 4943
4943 4942 5023
4944 4864 4945
4945 4944 5025
4946 4947 5026
4947 4867 4946 5027
4948 4949 5028
4949 4948 5029
4950 4870
4951 4952 5031
4952 4951 4953
4953 4952 4954 5033
4954 4953 4955
4955 4875 4954
4956 4876 4957
4957 4956 5037
4958 4878 5038
4959 4879 5039
4960 4880 5040
4961 4962
4962 4882 4961 4963
4963 4962 4964
4964 4963 4965
4965 4964 4966
4966 4965 4967
4967 4966 4968
4968 4888 4967
4969 4889 5049
4970 5050
4971 4891 4972
4972 4892 4971
4973 4893 5053
4974 4894
4975 4895 5055
4976 4896 5056
4977 4897 4978
4978 4898 4977 5058
4979 4980
4980 4979 4981 5060
4981 4980 4982
4982 4981 4983
4983 4903 4982 4984
4984 4983 4985
4985 4984 4986
4986 4906 4985
4987 4988 5067
4988 4908 4987
4989 4909 5069
4990 4991 5070
4991 4911 4990
4992 4912 4993 5072
4993 4913 4992 4994
4994 4993 4995
4995 4994 5075
4996 4916 4997
4997 4917 4996
4998 4918 5078
4999 4919 5000
5000 4999 5080
5001 4921 5002 5081
5002 5001 5003
5003 5002 5004 5083
5004 5003
5005 4925 5085
5006 5007 5086
5007 5006 5087
5008 5009
5009 4929 5008
5010 5011 5090
5011 4931 5010
5012 4932 5013
5013 5012 5014 5093
5014 5013
5015 4935 5095
5016 4936 5017
5017 5016 5097
5018 5019 5098
5019 4939 5018 5099
5020 5021 5100
5021 5020 5101
5022 5023 5102
5023 4943 5022 5024
5024 5023
5025 4945 5026
5026 4946 5025
5027 4947 5107
5028 4948 5108
5029 4949 5109
5030 5031 5110
5031 4951 5030 5111
5032 5033
5033 4953 5032
5034 5035 5114
5035 5034 5115
5036 5116
5037 4957 5117
5038 4958 5118
5039 4959
5040 4960 5041 5120
5041 5040 5042
5042 5041 5043
5043 5042 5044
5044 5043 5124
5045 5046 5125
5046 5045 5047
5047 5046 5048
5048 5047 5128
5049 4969 5050
5050 4970 5049 5051
5051 5050 5052
5052 5051
5053 4973 5054
5054 5053 5134
5055 4975 5135
5056 4976 5057
5057 5056 5137
5058 4978 5059
5059 5058 5139
5060 4980 5061
5061 5060 5141
5062 5063 5142
5063 5062 5064
5064 5063 5144
5065 5145
5066 5067 5146
5067 4987 5066
5068 5069 5148
5069 4989 5068
5070 4990 5071
5071 5070 5151
5072 4992
5073 5074 5153
5074 5073 5154
5075 4995 5155
5076 5077 5156
5077 5076 5078
5078 4998 5077 5079
5079 5078
5080 5000 5160
5081 5001 5082 5161
5082 5081
5083 5003 5163
5084 5085 5164
5085 5005 5084
5086 5006 5166
5087 5007 5167
5088 5089 5168
5089 5088 5169
5090 5010 5170
5091 5092 5171
5092 5091 5172
5093 5013 5173
5094 5095 5174
5095 5015 5094
5096 5097 5176
5097 5017 5096
5098 5018 5178
5099 5019 5100
5100 5020 5099
5101 5021
5102 5022 5103
5103 5102 5104
5104 5103 5184
5105 5106 5185
5106 5105 5107
5107 5027 5106
5108 5028 5188
5109 5029 5110 5189
5110 5030 5109
5111 5031
5112 5113 5192
5113 5112 5114
5114 5034 5113
5115 5035 5195
5116 5036 5117
5117 5037 5116 5197
5118 5038 5119
5119 5118 5199
5120 5040 5121
5121 5120 5122
5122 5121 5123
5123 5122 5203
5124 5044 5204
5125 5045 5205
5126 5127 5206
5127 5126 5207
5128 5048 5129
5129 5128 5130
5130 5129 5131
5131 5130 5211
5132 5133 5212
5133 5132 5213
5134 5054 5214
5135 5055 5215
5136 5137
5137 5057 5136 5138
5138 5137 5218
5139 5059 5140
5140 5139 5220
5141 5061 5142
5142 5062 5141
5143 5144
5144 5064 5143 5145
5145 5065 5144
5146 5066 5147 5226
5147 5146 5148
5148 5068 5147 5149
5149 5148 5150
5150 5149
5151 5071 5152 5231
5152 5151 5153
5153 5073 5152
5154 5074 5234
5155 5075 5235
5156 5076 5157
5157 5156 5237
5158 5159 5238
5159 5158 5160
5160 5080 5159
5161 5081 5241
5162 5163 5242
5163 5083 5162
5164 5084 5244
5165 5245
5166 5086 5246
5167 5087 5168
5168 5088 5167
5169 5089 5249
5170 5090 5250
5171 5091 5251
5172 5092 5173
5173 5093 5172
5174 5094 5175 5254
5175 5174 5176
5176 5096 5175
5177 5257
5178 5098 5179 5258
5179 5178 5180
5180 5179 5260
5181 5182 5261
5182 5181 5183
5183 5182 5263
5184 5104 5185
5185 5105 5184
5186 5187
5187 5186 5267
5188 5108 5268
5189 5109
5190 5191 5270
5191 5190 5192
5192 5112 5191
5193 5194 5273
5194 5193
5195 5115 5196
5196 5195 5276
5197 5117 5198
5198 5197 5199
5199 5119 5198 5279
5200 5201 5280
5201 5200 5281
5202 5203
5203 5123 5202
5204 5124 5205
5205 5125 5204 5206
5206 5126 5205
5207 5127 5287
5208 5288
5209 5210 5289
5210 5209 5290
5211 5131 5212
5212 5132 5211
5213 5133 5293
5214 5134 5294
5215 5135 5216 5295
5216 5215 5217
5217 5216 5297
5218 5138 5219
5219 5218 5299
5220 5140 5221
5221 5220 5222
5222 5221 5223
5223 5222 5303
5224 5225 5304
5225 5224 5305
5226 5146
5227 5228 5307
5228 5227 5229
5229 5228 5230
5230 5229 5310
5231 5151 5232
5232 5231 5233
5233 5232 5313
5234 5154 5314
5235 5155 5315
5236 5316
5237 5157 5238
5238 5158 5237
5239 5319
5240 5241 5320
5241 5161 5240
5242 5162 5243
5243 5242 5244
5244 5164 5243 5245
5245 5165 5244
5246 5166 5326
5247 5248
5248 5247 5328
5249 5169 5329
5250 5170 5330
5251 5171 5331
5252 5253 5332
5253 5252 5333
5254 5174 5255
5255 5254 5335
5256 5257
5257 5177 5256 5258
5258 5178 5257 5259
5259 5258 5339
5260 5180 5340
5261 5181 5341
5262 5263 5342
5263 5183 5262 5264
5264 5263 5265
5265 5264 5266
5266 5265 5267
5267 5187 5266
5268 5188 5269
5269 5268 5270
5270 5190 5269
5271 5272 5351
5272 5271 5273 5352
5273 5193 5272
5274 5275 5354
5275 5274 5355
5276 5196 5356
5277 5278 5357
5278 5277 5358
5279 5199 5359
5280 5200 5360
5281 5201 5282
5282 5281 5283
5283 5282 5284
5284 5283 5285
5285 5284 5365
5286 5287
5287 5207 5286 5367
5288 5208 5289
5289 5209 5288
5290 5210 5291
5291 5290 5292 5371
5292 5291
5293 5213 5373
5294 5214 5374
5295 5215
5296 5297 5376
5297 5217 5296
5298 5378
5299 5219 5379
5300 5301
5301 5300 5381
5302 5303 5382
5303 5223 5302
5304 5224 5384
5305 5225 5306
5306 5305 5386
5307 5227 5308
5308 5307 5388
5309 5310 5389
5310 5230 5309
5311 5312
5312 5311 5313
5313 5233 5312
5314 5234 5394
5315 5235 5316
5316 5236 5315 5317
5317 5316 5397
5318 5319
5319 5239 5318 5320
5320 5240 5319 5400
5321 5401
5322 5323 5402
5323 5322 5324
5324 5323 5325 5404
5325 5324 5326
5326 5246 5325
5327 5328 5407
5328 5248 5327
5329 5249 5330 5409
5330 5250 5329
5331 5251
5332 5252 5412
5333 5253 5334
5334 5333 5414
5335 5255 5336
5336 5335 5337
5337 5336 5417
5338 5339
5339 5259 5338 5419
5340 5260 5341
5341 5261 5340
5342 5262 5343
5343 5342 5344
5344 5343 5345
5345 5344 5346
5346 5345 5426
5347 5348 5427
5348 5347 5349
5349 5348 5350 5429
5350 5349 5351
5351 5271 5350
5352 5272 5432
5353 5354 5433
5354 5274 5353
5355 5275 5356
5356 5276 5355
5357 5277 5437
5358 5278
5359 5279 5439
5360 5280 5361 5440
5361 5360 5441
5362 5363 5442
5363 5362 5364
5364 5363 5444
5365 5285 5366
5366 5365 5446
5367 5287 5368
5368 5367 5369
5369 5368 5370
5370 5369 5371
5371 5291 5370 5451
5372 5373 5452
5373 5293 5372
5374 5294 5375
5375 5374 5455
5376 5296 5456
5377 5378
5378 5298 5377 5458
5379 5299 5380
5380 5379 5460
5381 5301 5461
5382 5302 5383
5383 5382 5384
5384 5304 5383
5385 5465
5386 5306 5387
5387 5386 5388
5388 5308 5387
5389 5309 5390
5390 5389 5470
5391 5392 5471
5392 5391 5393
5393 5392 5473
5394 5314 5395
5395 5394 5396
5396 5395 5476
5397 5317 5477
5398 5399 5478
5399 5398 5479
5400 5320 5401
5401 5321 5400
5402 5322 5403
5403 5402 5483
5404 5324
5405 5406 5485
5406 5405 5486
5407 5327 5408
5408 5407 5409 5488
5409 5329 5408
5410 5411 5490
5411 5410 5412
5412 5332 5411
5413 5414 5493
5414 5334 5413
5415 5416
5416 5415 5496
5417 5337 5418
5418 5417 5498
5419 5339 5420
5420 5419 5421
5421 5420 5501
5422 5423
5423 5422 5503
5424 5425 5504
5425 5424 5426
5426 5346 5425 5506
5427 5347 5428
5428 5427 5508
5429 5349 5430
5430 5429 5431
5431 5430 5511
5432 5352
5433 5353 5434
5434 5433 5435
5435 5434 5436
5436 5435 5516
5437 5357 5517
5438 5439 5518
5439 5359 5438
5440 5360
5441 5361 5521
5442 5362 5443
5443 5442 5523
5444 5364 5445
5445 5444 5446
5446 5366 5445
5447 5448 5527
5448 5447 5449
5449 5448 5450
5450 5449 5530
5451 5371
5452 5372 5453
5453 5452 5533
5454 5455 5534
5455 5375 5454
5456 5376 5457 5536
5457 5456 5537
5458 5378 5459 5538
5459 5458 5460
5460 5380 5459
5461 5381 5462 5541
5462 5461 5463
5463 5462 5464
5464 5463 5465 5544
5465 5385 5464 5466 5545
5466 5465
5467 5468 5547
5468 5467 5469
5469 5468 5470
5470 5390 5469
5471 5391 5472
5472 5471 5552
5473 5393 5553
5474 5475 5554
5475 5474 5476
5476 5396 5475
5477 5397 5478
5478 5398 5477
5479 5399 5480
5480 5479 5481
5481 5480 5482
5482 5481 5562
5483 5403 5563
5484 5485 5564
5485 5405 5484
5486 5406 5487
5487 5486 5567
5488 5408 5489
5489 5488
5490 5410 5491
5491 5490 5571
5492 5572
5493 5413 5494
5494 5493 5574
5495 5496 5575
5496 5416 5495 5576
5497 5577
5498 5418 5499
5499 5498 5579
5500 5501 5580
5501 5421 5500 5502
5502 5501 5503
5503 5423 5502
5504 5424 5584
5505 5506
5506 5426 5505
5507 5508 5587
5508 5428 5507
5509 5510 5589
5510 5509 5590
5511 5431 5512
5512 5511 5513
5513 5512 5593
5514 5515 5594
5515 5514 5516
5516 5436 5515
5517 5437 5597
5518 5438 5598
5519 5599
5520 5521 5600
5521 5441 5520
5522 5523
5523 5443 5522 5524
5524 5523 5525
5525 5524 5526
5526 5525 5606
5527 5447 5528
5528 5527 5529 5608
5529 5528 5609
5530 5450 5531
5531 5530 5532
5532 5531 5533
5533 5453 5532 5613
5534 5454 5614
5535 5536
5536 5456 5535
5537 5457 5617
5538 5458 5539
5539 5538 5540
5540 5539 5620
5541 5461 5621
5542 5543 5622
5543 5542 5623
5544 5464
5545 5465 5546
5546 5545 5626
5547 5467 5548
5548 5547 5549 5628
5549 5548 5550
5550 5549 5551
5551 5550 5552
5552 5472 5551 5632
5553 5473 5554
5554 5474 5553
5555 5556
5556 5555 5557
5557 5556 5558 5637
5558 5557 5559
5559 5558 5560 5639
5560 5559
5561 5562 5641
5562 5482 5561
5563 5483 5643
5564 5484 5565
5565 5564 5566
5566 5565 5646
5567 5487 5568
5568 5567 5569
5569 5568 5570
5570 5569 5571
5571 5491 5570
5572 5492 5573 5652
5573 5572 5574
5574 5494 5573
5575 5495 5655
5576 5496 5577
5577 5497 5576 5578
5578 5577
5579 5499 5659
5580 5500 5660
5581 5661
5582 5583 5662
5583 5582 5584
5584 5504 5583
5585 5586 5665
5586 5585 5587
5587 5507 5586
5588 5589 5668
5589 5509 5588 5669
5590 5510 5591
5591 5590 5592
5592 5591 5593
5593 5513 5592
5594 5514 5674
5595 5596 5675
5596 5595 5597
5597 5517 5596
5598 5518 5678
5599 5519 5679
5600 5520 5601 5680
5601 5600 5602
5602 5601 5603
5603 5602 5604
5604 5603 5605
5605 5604 5685
5606 5526 5607
5607 5606 5687
5608 5528 5688
5609 5529 5610
5610 5609 5690
5611 5612
5612 5611 5692
5613 5533 5693
5614 5534 5694
5615 5616 5695
5616 5615 5617
5617 5537 5616
5618 5619 5698
5619 5618 5620
5620 5540 5619
5621 5541 5701
5622 5542 5702
5623 5543 5624
5624 5623 5625
5625 5624 5705
5626 5546 5627
5627 5626 5628
5628 5548 5627
5629 5630 5709
5630 5629 5710
5631 5632
5632 5552 5631 5712
5633 5634 5713
5634 5633 5635
5635 5634 5636
5636 5635 5716
5637 5557 5638
5638 5637 5718
5639 5559 5640
5640 5639 5720
5641 5561 5721
5642 5643
5643 5563 5642 5644
5644 5643 5724
5645 5646 5725
5646 5566 5645
5647 5648 5727
5648 5647 5649 5728
5649 5648 5729
5650 5651 5730
5651 5650 5731
5652 5572 5653
5653 5652 5733
5654 5655 5734
5655 5575 5654 5735
5656 5657 5736
5657 5656 5658
5658 5657 5738
5659 5579 5739
5660 5580 5661
5661 5581 5660
5662 5582 5742
5663 5664 5743
5664 5663 5744
5665 5585 5666
5666 5665 5746
5667 5668 5747
5668 5588 5667
5669 5589 5749
5670 5671 5750
5671 5670 5751
5672 5673 5752
5673 5672 5674
5674 5594 5673
5675 5595 5676 5755
5676 5675 5677
5677 5676 5757
5678 5598 5679
5679 5599 5678 5759
5680 5600 5760
5681 5682 5761
5682 5681 5762
5683 5763
5684 5685 5764
5685 5605 5684
5686 5687 5766
5687 5607 5686
5688 5608 5689
5689 5688 5769
5690 5610 5691
5691 5690 5771
5692 5612 5693
5693 5613 5692 5773
5694 5614 5774
5695 5615 5696
5696 5695 5776
5697 5777
5698 5618 5778
5699 5700 5779
5700 5699 5701
5701 5621 5700
5702 5622 5703
5703 5702 5704
5704 5703 5784
5705 5625 5706
5706 5705 5707
5707 5706 5787
5708 5709 5788
5709 5629 5708
5710 5630 5711
5711 5710 5791
5712 5632
5713 5633 5793
5714 5715 5794
5715 5714 5716
5716 5636 5715
5717 5797
5718 5638 5798
5719 5799
5720 5640 5800
5721 5641 5722
5722 5721 5723
5723 5722 5724
5724 5644 5723 5804
5725 5645 5805
5726 5806
5727 5647 5807
5728 5648 5808
5729 5649 5809
5730 5650 5810
5731 5651 5732
5732 5731 5733
5733 5653 5732
5734 5654 5814
5735 5655 5736
5736 5656 5735
5737 5817
5738 5658 5818
5739 5659 5740
5740 5739 5741
5741 5740 5821
5742 5662 5743
5743 5663 5742
5744 5664 5745
5745 5744 5746
5746 5666 5745
5747 5667 5827
5748 5828
5749 5669 5829
5750 5670 5830
5751 5671 5752
5752 5672 5751
5753 5833
5754 5755 5834
5755 5675 5754
5756 5836
5757 5677 5758
5758 5757 5759
5759 5679 5758
5760 5680 5840
5761 5681 5841
5762 5682 5842
5763 5683 5843
5764 5684 5765
5765 5764 5845
5766 5686 5846
5767 5847
5768 5769 5848
5769 5689 5768
5770 5850
5771 5691 5772
5772 5771 5852
5773 5693
5774 5694 5854
5775 5776 5855
5776 5696 5775
5777 5697 5857
5778 5698 5858
5779 5699 5780
5780 5779 5781
5781 5780 5782
5782 5781 5862
5783 5863
5784 5704 5785
5785 5784 5865
5786 5866
5787 5707 5867
5788 5708 5789
5789 5788 5869
5790 5870
5791 5711 5792
5792 5791 5793
5793 5713 5792
5794 5714 5795
5795 5794 5796
5796 5795 5876
5797 5717 5798 5877
5798 5718 5797 5799
5799 5719 5798
5800 5720 5801
5801 5800 5802
5802 5801 5803
5803 5802 5804
5804 5724 5803
5805 5725 5885
5806 5726 5886
5807 5727 5887
5808 5728 5888
5809 5729
5810 5730 5811
5811 5810 5891
5812 5892
5813 5814 5893
5814 5734 5813
5815 5816 5895
5816 5815 5817
5817 5737 5816 5897
5818 5738 5819
5819 5818 5820
5820 5819 5821
5821 5741 5820
5822 5823 5902
5823 5822 5824
5824 5823 5825
5825 5824 5826 5905
5826 5825 5827
5827 5747 5826
5828 5748 5829
5829 5749 5828 5909
5830 5750 5831
5831 5830 5911
5832 5833
5833 5753 5832 5834
5834 5754 5833 5835
5835 5834 5836
5836 5756 5835 5916
5837 5838
5838 5837 5839
5839 5838 5919
5840 5760 5841
5841 5761 5840
5842 5762 5843 5922
5843 5763 5842 5844
5844 5843
5845 5765 5925
5846 5766 5926
5847 5767 5848
5848 5768 5847 5849
5849 5848 5850
5850 5770 5849 5851 5930
5851 5850
5852 5772 5853
5853 5852 5933
5854 5774 5855
5855 5775 5854
5856 5857
5857 5777 5856 5937
5858 5778 5859
5859 5858 5939
5860 5861
5861 5860 5862
5862 5782 5861 5863
5863 5783 5862
5864 5865 5944
5865 5785 5864
5866 5786 5946
5867 5787 5868
5868 5867 5948
5869 5789 5949
5870 5790 5871
5871 5870 5951
5872 5873 5952
5873 5872 5874
5874 5873 5875
5875 5874 5955
5876 5796 5956
5877 5797 5878
5878 5877
5879 5880 5959
5880 5879 5881
5881 5880 5961
5882 5883 5962
5883 5882 5884
5884 5883 5964
5885 5805 5965
5886 5806 5887
5887 5807 5886
5888 5808 5889
5889 5888 5890 5969
5890 5889 5891
5891 5811 5890
5892 5812 5893 5972
5893 5813 5892
5894 5974
5895 5815 5975
5896 5897 5976
5897 5817 5896 5977
5898 5899 5978
5899 5898 5900
5900 5899 5901
5901 5900 5902
5902 5822 5901
5903 5904 5983
5904 5903 5905
5905 5825 5904
5906 5907 5986
5907 5906 5908
5908 5907 5988
5909 5829 5910
5910 5909 5990
5911 5831 5912
5912 5911 5913
5913 5912 5914
5914 5913 5994
5915 5995
5916 5836 5917
5917 5916 5918
5918 5917 5998
5919 5839 5999
5920 5921 6000
5921 5920
5922 5842 6002
5923 5924 6003
5924 5923 5925
5925 5845 5924
5926 5846 6006
5927 5928 6007
5928 5927 5929
5929 5928 6009
5930 5850
5931 5932 6011
5932 5931 6012
5933 5853 5934
5934 5933 5935
5935 5934 5936 6015
5936 5935 6016
5937 5857 5938 6017
5938 5937
5939 5859 6019
5940 5941 6020
5941 5940 5942
5942 5941 6022
5943 5944 6023
5944 5864 5943
5945 5946 6025
5946 5866 5945 5947
5947 5946
5948 5868 6028
5949 5869 5950 6029
5950 5949 6030
5951 5871 5952
5952 5872 5951
5953 5954 6033
5954 5953 6034
5955 5875 5956
5956 5876 5955 5957
5957 5956 5958
5958 5957 5959
5959 5879 5958
5960 6040
5961 5881 6041
5962 5882 5963 6042
5963 5962 6043
5964 5884 5965 6044
5965 5885 5964
5966 5967 6046
5967 5966 5968
5968 5967 6048
5969 5889 6049
5970 5971 6050
5971 5970 6051
5972 5892 5973
5973 5972 6053
5974 5894 5975
5975 5895 5974
5976 5896 6056
5977 5897 5978
5978 5898 5977 6058
5979 5980 6059
5980 5979 5981
5981 5980 6061
5982 6062
5983 5903 5984 6063
5984 5983
5985 5986 6065
5986 5906 5985
5987 6067
5988 5908 6068
5989 5990 6069
5990 5910 5989
5991 5992 6071
5992 5991 5993 6072
5993 5992
5994 5914 6074
5995 5915 5996 6075
5996 5995 5997
5997 5996 5998
5998 5918 5997
5999 5919 6079
6000 5920 6001 6080
6001 6000 6002
6002 5922 6001
6003 5923 6083
6004 6005 6084
6005 6004 6006
6006 5926 6005 6007
6007 5927 6006
6008 6009 6088
6009 5929 6008 6010
6010 6009 6011
6011 5931 6010
6012 5932 6013
6013 6012 6014
6014 6013 6015
6015 5935 6014 6095
6016 5936 6017
6017 5937 6016
6018 6019 6098
6019 5939 6018
6020 5940 6100
6021 6101
6022 5942 6023
6023 5943 6022
6024 6104
6025 5945 6026 6105
6026 6025 6027
6027 6026 6028
6028 5948 6027
6029 5949
6030 5950 6031
6031 6030 6032 6111
6032 6031 6033
6033 5953 6032
6034 5954 6035
6035 6034 6036
6036 6035 6037
6037 6036 6038
6038 6037 6118
6039 6040
6040 5960 6039 6120
6041 5961 6121
6042 5962
6043 5963 6123
6044 5964
6045 6046 6125
6046 5966 6045
6047 6048 6127
6048 5968 6047
6049 5969 6129
6050 5970
6051 5971 6052
6052 6051 6053
6053 5973 6052 6054
6054 6053 6055
6055 6054 6135
6056 5976 6057
6057 6056 6137
6058 5978 6138
6059 5979 6139
6060 6061
6061 5981 6060 6141
6062 5982 6142
6063 5983 6143
6064 6065 6144
6065 5985 6064
6066 6067 6146
6067 5987 6066 6147
6068 5988 6148
6069 5989 6070
6070 6069 6071
6071 5991 6070
6072 5992
6073 6074 6153
6074 5994 6073
6075 5995 6076
6076 6075 6077
6077 6076 6157
6078 6079 6158
6079 5999 6078 6159
6080 6000 6081
6081 6080 6161
6082 6162
6083 6003 6163
6084 6004
6085 6086 6165
6086 6085 6087
6087 6086 6167
6088 6008
6089 6090 6169
6090 6089 6091
6091 6090 6092
6092 6091 6093
6093 6092 6094
6094 6093 6174
6095 6015
6096 6097 6176
6097 6096 6177
6098 6018 6178
6099 6100 6179
6100 6020 6099 6180
6101 6021 6102
6102 6101 6103 6182
6103 6102 6104
6104 6024 6103 6184
6105 6025 6185
6106 6107 6186
6107 6106 6187
6108 6109 6188
6109 6108 6110
6110 6109 6190
6111 6031 6112
6112 6111 6113
6113 6112 6193
6114 6115 6194
6115 6114 6116
6116 6115 6196
6117 6118 6197
6118 6038 6117
6119 6120 6199
6120 6040 6119
6121 6041 6201
6122 6123 6202
6123 6043 6122
6124 6125 6204
6125 6045 6124
6126 6206
6127 6047 6207
6128 6129
6129 6049 6128 6130
6130 6129 6210
6131 6132 6211
6132 6131 6133
6133 6132 6213
6134 6135 6214
6135 6055 6134 6136
6136 6135 6137
6137 6057 6136
6138 6058
6139 6059 6140
6140 6139 6220
6141 6061 6221
6142 6062 6222
6143 6063 6223
6144 6064 6145
6145 6144 6225
6146 6066
6147 6067 6227
6148 6068 6149
6149 6148 6150
6150 6149 6151
6151 6150 6152
6152 6151 6232
6153 6073 6154
6154 6153 6234
6155 6156 6235
6156 6155
6157 6077 6158
6158 6078 6157
6159 6079 6239
6160 6161 6240
6161 6081 6160
6162 6082 6242
6163 6083 6164
6164 6163 6165
6165 6085 6164
6166 6246
6167 6087 6168
6168 6167 6248
6169 6089 6249
6170 6171
6171 6170 6172
6172 6171 6173
6173 6172 6253
6174 6094 6175
6175 6174 6255
6176 6096 6256
6177 6097 6178
6178 6098 6177
6179 6099
6180 6100 6181
6181 6180 6261
6182 6102 6262
6183 6184 6263
6184 6104 6183
6185 6105 6186
6186 6106 6185
6187 6107 6267
6188 6108 6268
6189 6190
6190 6110 6189 6270
6191 6192
6192 6191 6193
6193 6113 6192 6273
6194 6114 6195
6195 6194 6275
6196 6116 6197
6197 6117 6196
6198 6278
6199 6119 6200 6279
6200 6199 6201
6201 6121 6200
6202 6122 6203
6203 6202 6204 6283
6204 6124 6203
6205 6206 6285
6206 6126 6205
6207 6127 6208
6208 6207 6209
6209 6208 6289
6210 6130 6211
6211 6131 6210
6212 6292
6213 6133 6293
6214 6134 6294
6215 6295
6216 6217 6296
6217 6216 6218
6218 6217 6219
6219 6218 6220
6220 6140 6219
6221 6141 6301
6222 6142 6302
6223 6143 6303
6224 6304
6225 6145 6226
6226 6225 6306
6227 6147 6307
6228 6229 6308
6229 6228 6230 6309
6230 6229 6231
6231 6230 6311
6232 6152 6233
6233 6232 6313
6234 6154 6314
6235 6155 6236
6236 6235 6237 6316
6237 6236 6238
6238 6237 6318
6239 6159 6319
6240 6160 6320
6241 6242
6242 6162 6241 6243
6243 6242 6244
6244 6243 6245 6324
6245 6244 6325
6246 6166 6247
6247 6246 6327
6248 6168 6249
6249 6169 6248
6250 6251 6330
6251 6250 6252
6252 6251 6253
6253 6173 6252 6333
6254 6255 6334
6255 6175 6254
6256 6176 6257
6257 6256 6337
6258 6259
6259 6258 6260 6339
6260 6259 6261
6261 6181 6260
6262 6182 6342
6263 6183 6264
6264 6263
6265 6266 6345
6266 6265 6346
6267 6187 6347
6268 6188 6269
6269 6268 6349
6270 6190 6271
6271 6270 6272
6272 6271 6352
6273 6193
6274 6275 6354
6275 6195 6274
6276 6356
6277 6278 6357
6278 6198 6277 6358
6279 6199 6280
6280 6279 6360
6281 6282 6361
6282 6281 6362
6283 6203 6284
6284 6283 6285
6285 6205 6284
6286 6287 6366
6287 6286 6288
6288 6287 6368
6289 6209 6369
6290 6291 6370
6291 6290 6371
6292 6212 6293 6372
6293 6213 6292
6294 6214 6295
6295 6215 6294
6296 6216 6376
6297 6377
6298 6299 6378
6299 6298 6300 6379
6300 6299
6301 6221 6381
6302 6222 6303
6303 6223 6302 6304
6304 6224 6303 6305
6305 6304
6306 6226 6386
6307 6227 6387
6308 6228 6388
6309 6229 6310
6310 6309 6390
6311 6231 6312
6312 6311
6313 6233 6393
6314 6234 6315
6315 6314 6395
6316 6236 6317 6396
6317 6316 6397
6318 6238
6319 6239 6399
6320 6240 6321
6321 6320 6322
6322 6321 6323
6323 6322 6324
6324 6244 6323
6325 6245 6326
6326 6325 6327
6327 6247 6326 6328
6328 6327 6329
6329 6328 6330
6330 6250 6329
6331 6332
6332 6331 6333
6333 6253 6332
6334 6254 6335
6335 6334 6336
6336 6335 6337
6337 6257 6336 6338
6338 6337 6339
6339 6259 6338
6340 6341
6341 6340 6342
6342 6262 6341 6343
6343 6342 6344
6344 6343 6345
6345 6265 6344
6346 6266 6347
6347 6267 6346 6348
6348 6347 6349
6349 6269 6348
6350 6351
6351 6350 6352
6352 6272 6351 6353
6353 6352 6354
6354 6274 6353
6355 6356
6356 6276 6355 6357
6357 6277 6356
6358 6278 6359
6359 6358 6360
6360 6280 6359 6361
6361 6281 6360
6362 6282 6363
6363 6362 6364
6364 6363 6365
6365 6364 6366
6366 6286 6365
6367 6368
6368 6288 6367 6369
6369 6289 6368
6370 6290
6371 6291 6372
6372 6292 6371 6373
6373 6372 6374
6374 6373 6375
6375 6374 6376
6376 6296 6375
6377 6297 6378
6378 6298 6377
6379 6299 6380
6380 6379 6381
6381 6301 6380 6382
6382 6381 6383
6383 6382 6384
6384 6383 6385
6385 6384 6386
6386 6306 6385
6387 6307 6388
6388 6308 6387 6389
6389 6388
6390 6310 6391
6391 6390 6392
6392 6391 6393
6393 6313 6392 6394
6394 6393 6395
6395 6315 6394
6396 6316
6397 6317 6398
6398 6397 6399
6399 6319 6398
