40
40
0
1599
0 40
1 2
2 1 42
3 4 43
4 3 44
5 6 45
6 5 7
7 6 8 47
8 7 48
9 10
10 9 11 50
11 10 51
12 13 52
13 12 53
14 15
15 14 16 55
16 15 17
17 16 18
18 17 58
19 20 59
20 19 21 60
21 20 22
22 21 23
23 22 63
24 25
25 24 26
26 25 27 66
27 26 28
28 27 29 68
29 28 69
30 31 70
31 30 32
32 31 33
33 32 34
34 33 35
35 34 36
36 35 37
37 36 38
38 37 39 78
39 38 79
40 0 41
41 40 81
42 2 82
43 3 83
44 4 84
45 5 85
46 47 86
47 7 46
48 8 49
49 48 50
50 10 49
51 11 52
52 12 51
53 13 54
54 53 55
55 15 54
56 96
57 58 97
58 18 57
59 19 99
60 20 100
61 62 101
62 61 102
63 23 64
64 63 65
65 64 105
66 26 67
67 66 107
68 28 108
69 29
70 30 110
71 72
72 71 73
73 72 74
74 73 75 114
75 74 115
76 77 116
77 76 78
78 38 77
79 39 119
80 81 120
81 41 80
82 42 122
83 43 123
84 44 124
85 45 125
86 46 126
87 127
88 89 128
89 88 90
90 89 130
91 92 131
92 91 93 132
93 92 94
94 93
95 96 135
96 56 95 136
97 57 137
98 138
99 59 139
100 60 140
101 61
102 62 103 142
103 102 104 143
104 103 144
105 65 106
106 105 146
107 67 147
108 68 109
109 108 110
110 70 109
111 112 151
112 111 113
113 112 153
114 74
115 75 155
116 76 156
117 118
118 117 119
119 79 118
120 80 121
121 120 161
122 82 123
123 83 122
124 84 125
125 85 124
126 86 166
127 87 167
128 88 129
129 128 169
130 90 131
131 91 130
132 92 133
133 132 134
134 133 174
135 95 175
136 96 137
137 97 136
138 98 139
139 99 138
140 100 141
141 140 181
142 102
143 103 183
144 104
145 146 185
146 106 145
147 107 148
148 147 188
149 150 189
150 149 151 190
151 111 150 191
152 153
153 113 152 154
154 153 155
155 115 154
156 116 157
157 156 158
158 157 159 198
159 158 199
160 200
161 121 201
162 163 202
163 162 164
164 163 165
165 164 166
166 126 165
167 127 168 207
168 167 169
169 129 168
170 171 210
171 170 172
172 171
173 174 213
174 134 173 214
175 135 176
176 175 177
177 176 178
178 177 179
179 178 180
180 179 220
181 141 182 221
182 181 222
183 143 184 223
184 183 224
185 145 225
186 187 226
187 186
188 148 228
189 149
190 150 230
191 151
192 193 232
193 192 194
194 193 195
195 194 235
196 197 236
197 196 237
198 158
199 159 239
200 160 201 240
201 161 200
202 162 242
203 204
204 203 205
205 204 206 245
206 205 246
207 167 247
208 209 248
209 208 210
210 170 209 250
211 212 251
212 211 213
213 173 212
214 174
215 216 255
216 215 217
217 216 218 257
218 217 219
219 218
220 180 260
221 181
222 182 262
223 183 263
224 184 225
225 185 224
226 186 227 266
227 226 267
228 188 229
229 228 269
230 190 231
231 230 271
232 192 233
233 232 273
234 235 274
235 195 234
236 196 276
237 197 277
238 239 278
239 199 238 279
240 200 241
241 240 242
242 202 241
243 244 283
244 243 245
245 205 244
246 206 286
247 207 287
248 208 249
249 248 289
250 210
251 211 252
252 251 292
253 254 293
254 253 255
255 215 254 256
256 255
257 217 297
258 259 298
259 258 260
260 220 259
261 262 301
262 222 261
263 223 264
264 263 304
265 305
266 226 306
267 227 268
268 267 308
269 229 270
270 269 310
271 231 272
272 271 273
273 233 272
274 234 314
275 276 315
276 236 275
277 237 317
278 238 318
279 239 319
280 281 320
281 280 282
282 281 283
283 243 282
284 285
285 284 286
286 246 285
287 247 288
288 287 289
289 249 288 329
290 291 330
291 290 331
292 252 332
293 253 333
294 295 334
295 294 335
296 297 336
297 257 296
298 258 299
299 298 300
300 299 301
301 261 300
302 342
303 304 343
304 264 303
305 265 306 345
306 266 305
307 347
308 268 309
309 308 349
310 270 350
311 312 351
312 311 313
313 312 314 353
314 274 313
315 275 316
316 315 356
317 277 318
318 278 317
319 279 359
320 280 360
321 322 361
322 321 362
323 324 363
324 323 364
325 326 365
326 325 327 366
327 326
328 329 368
329 289 328
330 290 370
331 291 332
332 292 331 372
333 293 334
334 294 333
335 295 375
336 296 337
337 336 338
338 337 339
339 338 340 379
340 339 341
341 340 342 381
342 302 341
343 303 344
344 343 384
345 305 346
346 345 386
347 307 348 387
348 347
349 309 350
350 310 349 351 390
351 311 350
352 353
353 313 352
354 355 394
355 354 356
356 316 355
357 358 397
358 357 359
359 319 358
360 320 361 400
361 321 360
362 322 363
363 323 362
364 324 365
365 325 364
366 326 367
367 366 368
368 328 367
369 370 409
370 330 369
371 411
372 332 412
373 374 413
374 373 414
375 335 376
376 375 416
377 378 417
378 377 418
379 339 419
380 381 420
381 341 380
382 383 422
383 382 423
384 344 385
385 384 425
386 346 387
387 347 386 427
388 389 428
389 388 429
390 350
391 392 431
392 391 432
393 394 433
394 354 393
395 396 435
396 395 397
397 357 396
398 399 438
399 398
400 360 401
401 400 402
402 401 403
403 402 404
404 403 405
405 404 406
406 405 407
407 406 447
408 409 448
409 369 408
410 411 450
411 371 410
412 372 452
413 373 453
414 374 454
415 416 455
416 376 415
417 377 457
418 378 458
419 379 459
420 380 460
421 422 461
422 382 421
423 383 424
424 423 464
425 385 426
426 425 466
427 387
428 388 468
429 389 469
430 431 470
431 391 430
432 392 433
433 393 432
434 435 474
435 395 434
436 437 476
437 436 477
438 398 439
439 438 479
440 441 480
441 440 442
442 441 443 482
443 442
444 445 484
445 444 446
446 445 447
447 407 446
448 408 488
449 450 489
450 410 449
451 452 491
452 412 451
453 413 493
454 414 494
455 415 456
456 455 496
457 417 497
458 418 459
459 419 458
460 420 500
461 421 462
462 461 502
463 464 503
464 424 463 465
465 464 505
466 426 467
467 466 468
468 428 467
469 429 470
470 430 469
471 472 511
472 471 473 512
473 472
474 434 514
475 476 515
476 436 475
477 437 517
478 479 518
479 439 478 519
480 440 520
481 521
482 442 483
483 482 484
484 444 483 485
485 484
486 487 526
487 486 527
488 448 528
489 449 490 529
490 489 491
491 451 490
492 493 532
493 453 492
494 454 495
495 494 496
496 456 495
497 457 537
498 538
499 500 539
500 460 499
501 502 541
502 462 501
503 463 504
504 503 544
505 465 545
506 507 546
507 506 508
508 507 509 548
509 508 510
510 509
511 471 551
512 472 513
513 512 553
514 474 554
515 475 516 555
516 515 556
517 477 518
518 478 517
519 479 559
520 480 521
521 481 520 561
522 523 562
523 522 563
524 564
525 526 565
526 486 525
527 487 528
528 488 527
529 489
530 531 570
531 530 532
532 492 531
533 534
534 533 535 574
535 534 536
536 535
537 497 577
538 498 578
539 499 540 579
540 539
541 501 542
542 541 543 582
543 542
544 504 584
545 505 585
546 506 547
547 546 587
548 508 588
549 550 589
550 549 551
551 511 550
552 592
553 513 554
554 514 553
555 515
556 516 557
557 556 558 597
558 557 598
559 519 599
560 561 600
561 521 560
562 522 602
563 523 564
564 524 563
565 525 566
566 565 567
567 566 568
568 567 569
569 568 570
570 530 569
571 572 611
572 571 573
573 572 574
574 534 573 614
575 576 615
576 575 577
577 537 576
578 538 579 618
579 539 578
580 581 620
581 580 582
582 542 581
583 584 623
584 544 583
585 545 586
586 585 626
587 547 627
588 548 628
589 549 629
590 591
591 590 592
592 552 591 593 632
593 592 633
594 595 634
595 594 596
596 595 636
597 557 637
598 558 638
599 559
600 560 640
601 602 641
602 562 601 603
603 602 604
604 603 605
605 604 606
606 605 607 646
607 606 608 647
608 607 609
609 608 610
610 609 650
611 571 612 651
612 611 652
613 614
614 574 613
615 575 655
616 617 656
617 616 657
618 578 619
619 618 659
620 580 660
621 622 661
622 621 662
623 583 624
624 623 625
625 624 665
626 586 666
627 587
628 588 668
629 589 630
630 629 631
631 630 671
632 592 672
633 593 673
634 594 674
635 636 675
636 596 635
637 597 677
638 598 639
639 638 679
640 600 680
641 601 642
642 641 643
643 642 683
644 645 684
645 644 685
646 606
647 607 687
648 649 688
649 648 650
650 610 649
651 611 691
652 612 653
653 652 654
654 653 694
655 615 695
656 616
657 617 658
658 657 659
659 619 658 699
660 620 700
661 621 701
662 622 663
663 662 703
664 665 704
665 625 664
666 626 667
667 666 668
668 628 667
669 670 709
670 669 671
671 631 670
672 632 712
673 633 674
674 634 673
675 635 715
676 677
677 637 676 717
678 679 718
679 639 678 719
680 640 681
681 680 682
682 681 722
683 643 723
684 644 724
685 645 686
686 685 687
687 647 686
688 648 689
689 688 690
690 689 730
691 651 731
692 693 732
693 692 694
694 654 693 734
695 655 696
696 695 736
697 698 737
698 697 738
699 659
700 660 701
701 661 700
702 742
703 663 743
704 664 705
705 704 706
706 705 746
707 708 747
708 707 748
709 669 749
710 711
711 710 712
712 672 711 713 752
713 712 753
714 715
715 675 714 716
716 715 756
717 677 757
718 678 758
719 679 759
720 721 760
721 720 722
722 682 721
723 683
724 684 764
725 726 765
726 725 727
727 726 728
728 727 729 768
729 728
730 690 770
731 691
732 692 772
733 734
734 694 733 735
735 734
736 696 776
737 697 777
738 698 739
739 738 740 779
740 739 741
741 740 742
742 702 741
743 703 744
744 743 784
745 785
746 706 747
747 707 746
748 708 749
749 709 748
750 751 790
751 750 791
752 712
753 713 754
754 753 794
755 795
756 716 796
757 717
758 718 798
759 719 799
760 720 761
761 760 762
762 761 802
763 764 803
764 724 763
765 725 805
766 767 806
767 766 768 807
768 728 767
769 770 809
770 730 769
771 772 811
772 732 771
773 774 813
774 773 775 814
775 774 776
776 736 775
777 737 778
778 777 818
779 739 780
780 779 781
781 780 782
782 781 783
783 782 823
784 744 824
785 745 786
786 785 787 826
787 786 788
788 787 789
789 788 790
790 750 789 830
791 751 792
792 791 793
793 792 794
794 754 793
795 755 796 835
796 756 795
797 798 837
798 758 797
799 759 839
800 801 840
801 800 802
802 762 801
803 763 843
804 805
805 765 804
806 766 846
807 767
808 809 848
809 769 808
810 811 850
811 771 810 851
812 813 852
813 773 812
814 774
815 816 855
816 815 817
817 816 857
818 778 819
819 818 859
820 860
821 822 861
822 821 823
823 783 822 863
824 784 825
825 824 865
826 786 827
827 826 867
828 829 868
829 828 869
830 790 831
831 830 832
832 831 833
833 832 873
834 835 874
835 795 834 836
836 835 837
837 797 836
838 839
839 799 838 879
840 800 880
841 842
842 841 843
843 803 842 883
844 845 884
845 844 846 885
846 806 845
847 848 887
848 808 847
849 850
850 810 849 890
851 811 891
852 812 853
853 852 893
854 855 894
855 815 854 856
856 855
857 817 858
858 857 859
859 819 858 860
860 820 859
861 821 862
862 861 902
863 823
864 865 904
865 825 864
866 867 906
867 827 866
868 828 908
869 829 870 909
870 869 871
871 870 872
872 871
873 833 913
874 834 875
875 874
876 877 916
877 876 878
878 877 918
879 839 919
880 840 881
881 880 882
882 881 883
883 843 882
884 844 924
885 845 925
886 887 926
887 847 886
888 889 928
889 888 890
890 850 889
891 851 892
892 891 932
893 853 894
894 854 893
895 896 935
896 895 936
897 898 937
898 897 899
899 898 900
900 899 901 940
901 900 902
902 862 901
903 904 943
904 864 903
905 945
906 866 907
907 906 947
908 868 948
909 869
910 911 950
911 910 912
912 911 913
913 873 912 953
914 915 954
915 914 916
916 876 915
917 957
918 878 958
919 879
920 921
921 920 922
922 921 923 962
923 922 924
924 884 923 964
925 885
926 886 966
927 967
928 888 929 968
929 928 969
930 931 970
931 930 971
932 892 933
933 932 973
934 935 974
935 895 934
936 896 937
937 897 936
938 939
939 938 940
940 900 939
941 942 981
942 941 943
943 903 942
944 945 984
945 905 944 946 985
946 945
947 907 948
948 908 947 988
949 950 989
950 910 949
951 952 991
952 951 992
953 913 993
954 914 994
955 956 995
956 955 957 996
957 917 956
958 918 959
959 958 999
960 961 1000
961 960 1001
962 922
963 964 1003
964 924 963 1004
965 966 1005
966 926 965
967 927 968
968 928 967
969 929 970 1009
970 930 969
971 931 1011
972 973 1012
973 933 972
974 934 1014
975 976 1015
976 975 977
977 976 978
978 977 979
979 978 980
980 979 1020
981 941 982
982 981 1022
983 984 1023
984 944 983
985 945 986
986 985 987
987 986 988
988 948 987
989 949 990 1029
990 989 1030
991 951
992 952 993
993 953 992
994 954 1034
995 955
996 956 1036
997 998 1037
998 997 999
999 959 998
1000 960 1040
1001 961 1041
1002 1003 1042
1003 963 1002
1004 964 1044
1005 965 1045
1006 1007 1046
1007 1006 1008
1008 1007 1048
1009 969 1049
1010 1050
1011 971 1051
1012 972 1052
1013 1014 1053
1014 974 1013
1015 975 1055
1016 1017
1017 1016 1018
1018 1017 1019
1019 1018 1059
1020 980 1021
1021 1020 1061
1022 982 1062
1023 983 1024
1024 1023 1025
1025 1024 1065
1026 1027 1066
1027 1026 1028
1028 1027 1068
1029 989 1069
1030 990 1031
1031 1030 1032
1032 1031 1033
1033 1032 1034
1034 994 1033
1035 1036 1075
1036 996 1035 1076
1037 997 1038
1038 1037 1039
1039 1038 1079
1040 1000 1080
1041 1001 1042
1042 1002 1041
1043 1044
1044 1004 1043
1045 1005 1046
1046 1006 1045
1047 1048 1087
1048 1008 1047
1049 1009 1089
1050 1010 1090
1051 1011 1091
1052 1012 1092
1053 1013 1054
1054 1053 1055
1055 1015 1054
1056 1057 1096
1057 1056 1058
1058 1057 1098
1059 1019 1060 1099
1060 1059 1100
1061 1021 1101
1062 1022 1102
1063 1103
1064 1065 1104
1065 1025 1064
1066 1026 1106
1067 1068 1107
1068 1028 1067
1069 1029 1070
1070 1069 1110
1071 1072 1111
1072 1071 1073
1073 1072 1074
1074 1073 1075
1075 1035 1074
1076 1036 1116
1077 1117
1078 1079 1118
1079 1039 1078
1080 1040 1120
1081 1082 1121
1082 1081 1083
1083 1082 1084
1084 1083 1124
1085 1086 1125
1086 1085 1087
1087 1047 1086
1088 1089 1128
1089 1049 1088 1090
1090 1050 1089
1091 1051 1131
1092 1052 1132
1093 1094
1094 1093 1095
1095 1094 1096 1135
1096 1056 1095
1097 1137
1098 1058 1099
1099 1059 1098
1100 1060 1140
1101 1061 1102
1102 1062 1101
1103 1063 1104
1104 1064 1103
1105 1106 1145
1106 1066 1105
1107 1067 1147
1108 1109 1148
1109 1108 1149
1110 1070 1111
1111 1071 1110
1112 1113 1152
1113 1112 1153
1114 1154
1115 1116 1155
1116 1076 1115 1117
1117 1077 1116
1118 1078 1119
1119 1118 1159
1120 1080 1121 1160
1121 1081 1120
1122 1123 1162
1123 1122 1163
1124 1084 1164
1125 1085 1165
1126 1127
1127 1126 1128 1167
1128 1088 1127
1129 1130 1169
1130 1129 1131
1131 1091 1130
1132 1092 1133
1133 1132 1134
1134 1133 1174
1135 1095 1175
1136 1176
1137 1097 1138 1177
1138 1137 1139
1139 1138 1179
1140 1100 1180
1141 1142
1142 1141 1143
1143 1142 1144 1183
1144 1143 1145
1145 1105 1144
1146 1186
1147 1107 1148
1148 1108 1147
1149 1109 1189
1150 1151 1190
1151 1150 1191
1152 1112 1192
1153 1113 1193
1154 1114 1155
1155 1115 1154
1156 1157 1196
1157 1156 1158
1158 1157 1198
1159 1119 1199
1160 1120 1161
1161 1160 1162 1201
1162 1122 1161
1163 1123
1164 1124 1204
1165 1125 1166
1166 1165 1206
1167 1127 1168
1168 1167
1169 1129 1209
1170 1171
1171 1170 1172
1172 1171 1212
1173 1174 1213
1174 1134 1173
1175 1135 1215
1176 1136 1177
1177 1137 1176
1178 1179 1218
1179 1139 1178
1180 1140 1220
1181 1182 1221
1182 1181 1183
1183 1143 1182
1184 1185 1224
1185 1184 1186
1186 1146 1185 1187
1187 1186 1227
1188 1228
1189 1149 1190
1190 1150 1189
1191 1151 1192
1192 1152 1191
1193 1153 1194
1194 1193 1195
1195 1194 1196
1196 1156 1195
1197 1237
1198 1158 1238
1199 1159 1239
1200 1240
1201 1161 1241
1202 1203 1242
1203 1202 1204
1204 1164 1203 1205
1205 1204
1206 1166 1207
1207 1206 1208
1208 1207 1209
1209 1169 1208
1210 1211 1250
1211 1210 1212
1212 1172 1211
1213 1173 1214
1214 1213 1215
1215 1175 1214
1216 1217 1256
1217 1216 1218
1218 1178 1217 1258
1219 1220 1259
1220 1180 1219
1221 1181 1222 1261
1222 1221 1262
1223 1224 1263
1224 1184 1223
1225 1226 1265
1226 1225 1266
1227 1187 1228
1228 1188 1227 1268
1229 1230 1269
1230 1229 1231
1231 1230 1232
1232 1231 1233
1233 1232 1234
1234 1233 1235
1235 1234 1236
1236 1235
1237 1197 1238 1277
1238 1198 1237
1239 1199 1279
1240 1200 1241 1280
1241 1201 1240
1242 1202 1243
1243 1242 1244
1244 1243 1245
1245 1244 1246 1285
1246 1245 1286
1247 1248 1287
1248 1247 1288
1249 1250 1289
1250 1210 1249 1290
1251 1252 1291
1252 1251 1253 1292
1253 1252 1254
1254 1253 1255 1294
1255 1254 1256
1256 1216 1255
1257 1297
1258 1218 1298
1259 1219 1260
1260 1259 1300
1261 1221
1262 1222 1302
1263 1223 1264
1264 1263 1265
1265 1225 1264
1266 1226 1267 1306
1267 1266 1307
1268 1228 1308
1269 1229 1270
1270 1269 1271
1271 1270 1272
1272 1271 1312
1273 1274 1313
1274 1273 1275
1275 1274 1276
1276 1275 1316
1277 1237 1278
1278 1277 1318
1279 1239 1319
1280 1240 1281 1320
1281 1280
1282 1283 1322
1283 1282 1323
1284 1285 1324
1285 1245 1284
1286 1246 1326
1287 1247 1327
1288 1248 1328
1289 1249 1329
1290 1250 1330
1291 1251 1331
1292 1252 1293
1293 1292 1333
1294 1254
1295 1296 1335
1296 1295 1336
1297 1257 1298
1298 1258 1297 1299
1299 1298
1300 1260 1301
1301 1300 1302
1302 1262 1301
1303 1304 1343
1304 1303 1305
1305 1304 1345
1306 1266
1307 1267 1347
1308 1268 1309
1309 1308 1349
1310 1311 1350
1311 1310 1312
1312 1272 1311
1313 1273 1353
1314 1315
1315 1314 1355
1316 1276 1317 1356
1317 1316
1318 1278 1319
1319 1279 1318 1359
1320 1280 1360
1321 1322 1361
1322 1282 1321
1323 1283 1324
1324 1284 1323
1325 1365
1326 1286 1327
1327 1287 1326
1328 1288 1368
1329 1289 1369
1330 1290 1331
1331 1291 1330
1332 1372
1333 1293 1334
1334 1333 1335
1335 1295 1334
1336 1296 1376
1337 1338 1377
1338 1337 1339
1339 1338 1340 1379
1340 1339
1341 1342 1381
1342 1341 1343
1343 1303 1342 1383
1344 1384
1345 1305 1346
1346 1345 1347
1347 1307 1346
1348 1388
1349 1309 1389
1350 1310 1351
1351 1350 1391
1352 1353 1392
1353 1313 1352
1354 1355 1394
1355 1315 1354 1395
1356 1316 1357
1357 1356 1358
1358 1357 1359
1359 1319 1358
1360 1320
1361 1321 1401
1362 1363 1402
1363 1362 1364
1364 1363 1365 1404
1365 1325 1364
1366 1367 1406
1367 1366 1407
1368 1328 1408
1369 1329 1409
1370 1371
1371 1370 1372
1372 1332 1371 1373 1412
1373 1372 1374
1374 1373 1375 1414
1375 1374
1376 1336 1416
1377 1337 1417
1378 1379 1418
1379 1339 1378
1380 1381 1420
1381 1341 1380
1382 1383 1422
1383 1343 1382
1384 1344 1385 1424
1385 1384 1425
1386 1387 1426
1387 1386 1388
1388 1348 1387 1389
1389 1349 1388
1390 1391 1430
1391 1351 1390 1431
1392 1352 1393
1393 1392 1433
1394 1354 1434
1395 1355 1396
1396 1395 1436
1397 1398 1437
1398 1397 1399
1399 1398
1400 1401 1440
1401 1361 1400
1402 1362 1403 1442
1403 1402 1443
1404 1364
1405 1406 1445
1406 1366 1405
1407 1367 1408
1408 1368 1407 1448
1409 1369 1410
1410 1409 1411
1411 1410 1451
1412 1372 1413
1413 1412
1414 1374 1415
1415 1414 1455
1416 1376 1456
1417 1377 1457
1418 1378 1419
1419 1418 1459
1420 1380 1421 1460
1421 1420
1422 1382 1462
1423 1463
1424 1384 1464
1425 1385 1465
1426 1386 1466
1427 1428
1428 1427 1429
1429 1428 1430
1430 1390 1429 1470
1431 1391 1471
1432 1433 1472
1433 1393 1432
1434 1394 1474
1435 1475
1436 1396 1476
1437 1397 1438 1477
1438 1437 1439
1439 1438 1479
1440 1400 1480
1441 1481
1442 1402 1482
1443 1403 1444
1444 1443 1445
1445 1405 1444
1446 1447 1486
1447 1446 1487
1448 1408 1449
1449 1448 1450 1489
1450 1449
1451 1411 1452
1452 1451 1453
1453 1452 1454
1454 1453 1455 1494
1455 1415 1454
1456 1416 1496
1457 1417 1458
1458 1457 1498
1459 1419 1460
1460 1420 1459
1461 1462 1501
1462 1422 1461
1463 1423 1503
1464 1424 1504
1465 1425 1466
1466 1426 1465
1467 1468 1507
1468 1467 1469
1469 1468 1470
1470 1430 1469
1471 1431 1511
1472 1432 1512
1473 1474
1474 1434 1473 1514
1475 1435 1515
1476 1436 1516
1477 1437 1517
1478 1518
1479 1439 1519
1480 1440 1520
1481 1441 1482
1482 1442 1481 1483
1483 1482 1484
1484 1483 1485
1485 1484
1486 1446 1526
1487 1447 1488
1488 1487 1528
1489 1449
1490 1491 1530
1491 1490 1492
1492 1491 1493
1493 1492 1494
1494 1454 1493
1495 1496 1535
1496 1456 1495 1497
1497 1496
1498 1458 1538
1499 1500 1539
1500 1499 1501
1501 1461 1500
1502 1503 1542
1503 1463 1502
1504 1464 1544
1505 1506 1545
1506 1505 1507 1546
1507 1467 1506
1508 1509 1548
1509 1508 1549
1510 1511
1511 1471 1510
1512 1472 1552
1513 1514 1553
1514 1474 1513
1515 1475 1555
1516 1476 1556
1517 1477 1557
1518 1478 1558
1519 1479 1559
1520 1480 1521 1560
1521 1520 1522
1522 1521 1523
1523 1522 1563
1524 1525 1564
1525 1524 1526
1526 1486 1525
1527 1528 1567
1528 1488 1527
1529 1530 1569
1530 1490 1529
1531 1532 1571
1532 1531 1533
1533 1532 1573
1534 1574
1535 1495 1536
1536 1535 1537
1537 1536 1538
1538 1498 1537
1539 1499 1540
1540 1539 1541
1541 1540 1581
1542 1502 1543
1543 1542 1544
1544 1504 1543 1545
1545 1505 1544
1546 1506
1547 1548 1587
1548 1508 1547
1549 1509 1589
1550 1551 1590
1551 1550 1591
1552 1512 1553
1553 1513 1552
1554 1555 1594
1555 1515 1554 1595
1556 1516 1596
1557 1517 1558
1558 1518 1557
1559 1519 1599
1560 1520 1561
1561 1560 1562
1562 1561
1563 1523 1564
1564 1524 1563 1565
1565 1564 1566
1566 1565
1567 1527 1568
1568 1567 1569
1569 1529 1568 1570
1570 1569 1571
1571 1531 1570
1572 1573
1573 1533 1572 1574
1574 1534 1573 1575
1575 1574 1576
1576 1575 1577
1577 1576 1578
1578 1577 1579
1579 1578 1580
1580 1579
1581 1541 1582
1582 1581 1583
1583 1582 1584
1584 1583 1585
1585 1584 1586
1586 1585 1587
1587 1547 1586 1588
1588 1587
1589 1549 1590
1590 1550 1589
1591 1551 1592
1592 1591 1593
1593 1592 1594
1594 1554 1593
1595 1555 1596
1596 1556 1595 1597
1597 1596 1598
1598 1597 1599
1599 1559 1598
