50
50
0
2499
0 1
1 0 51
2 3
3 2 4 53
4 3 5 54
5 4 6
6 5 7
7 6 8
8 7 58
9 10 59
10 9 60
11 12 61
12 11 13
13 12 14
14 13 15
15 14 16 65
16 15 17
17 16 18
18 17 19
19 18 69
20 70
21 22 71
22 21 23
23 22 24 73
24 23 25
25 24 75
26 27
27 26 28
28 27 29
29 28 30 79
30 29 31
31 30 32
32 31 33
33 32 34
34 33 84
35 36 85
36 35 37
37 36 87
38 39 88
39 38 40
40 39 41 90
41 40 42
42 41 43
43 42 93
44 94
45 46 95
46 45 47
47 46 48
48 47 49
49 48 99
50 100
51 1 52
52 51 102
53 3 103
54 4 55
55 54 56
56 55 106
57 58 107
58 8 57
59 9 109
60 10 61
61 11 60
62 63
63 62 113
64 65 114
65 15 64
66 67 116
67 66
68 69 118
69 19 68
70 20 120
71 21 121
72 122
73 23 123
74 75
75 25 74 76
76 75 126
77 78 127
78 77 128
79 29 129
80 81 130
81 80 82 131
82 81
83 84 133
84 34 83
85 35 86 135
86 85 136
87 37 137
88 38 138
89 139
90 40 91
91 90 141
92 93
93 43 92 94
94 44 93
95 45 145
96 97 146
97 96 98
98 97 99
99 49 98
100 50 101 150
101 100 151
102 52 152
103 53 104
104 103
105 106 155
106 56 105
107 57 108
108 107 158
109 59 110
110 109 111
111 110 112
112 111 113
113 63 112
114 64 164
115 116 165
116 66 115 117
117 116 167
118 68 119
119 118 169
120 70 170
121 71 171
122 72 172
123 73 124
124 123 125
125 124 175
126 76 127
127 77 126
128 78 129
129 79 128
130 80
131 81 132
132 131 182
133 83 183
134 135
135 85 134
136 86 186
137 87
138 88 139
139 89 138 189
140 190
141 91 191
142 143 192
143 142 144
144 143 194
145 95 195
146 96 147
147 146 148
148 147 149
149 148 199
150 100 200
151 101 201
152 102 153
153 152 154
154 153 204
155 105 156
156 155 157 206
157 156 207
158 108 159
159 158 160
160 159 161
161 160 211
162 163 212
163 162 213
164 114 214
165 115 166
166 165 216
167 117 168
168 167 169
169 119 168
170 120 220
171 121 221
172 122 173 222
173 172
174 175 224
175 125 174
176 177 226
177 176 178
178 177 179
179 178 180
180 179 181
181 180 231
182 132 183 232
183 133 182
184 185 234
185 184 235
186 136 187
187 186 188
188 187 189
189 139 188 239
190 140 240
191 141 192
192 142 191 193
193 192
194 144 195
195 145 194 245
196 246
197 198 247
198 197 248
199 149 249
200 150 250
201 151 202
202 201 203 252
203 202
204 154 205
205 204 255
206 156 256
207 157 208
208 207 209
209 208 210
210 209 260
211 161 212
212 162 211
213 163 214
214 164 213
215 265
216 166 217
217 216 218
218 217 219
219 218 269
220 170 270
221 171 222 271
222 172 221
223 224 273
224 174 223 274
225 226 275
226 176 225
227 228 277
228 227 229 278
229 228 279
230 280
231 181 281
232 182 282
233 234 283
234 184 233
235 185 236
236 235 286
237 238 287
238 237 288
239 189 240
240 190 239 241
241 240 291
242 243 292
243 242 244
244 243 294
245 195 246
246 196 245
247 197 297
248 198 298
249 199 299
250 200 251
251 250 301
252 202 302
253 254 303
254 253 255
255 205 254
256 206 306
257 258
258 257 259 308
259 258 309
260 210 261
261 260 311
262 312
263 264 313
264 263 265 314
265 215 264
266 267 316
267 266 317
268 269 318
269 219 268
270 220 271
271 221 270
272 273 322
273 223 272
274 224
275 225 325
276 277 326
277 227 276
278 228 328
279 229 280
280 230 279 330
281 231 331
282 232 283
283 233 282
284 285 334
285 284 335
286 236 336
287 237 337
288 238 289
289 288 290
290 289 340
291 241
292 242 293
293 292 343
294 244 295
295 294 296
296 295 297
297 247 296
298 248 348
299 249 349
300 301
301 251 300
302 252 352
303 253 353
304 305
305 304 306
306 256 305 307
307 306 308
308 258 307
309 259
310 311 360
311 261 310
312 262 362
313 263 363
314 264 315
315 314 316
316 266 315
317 267 318
318 268 317
319 320
320 319 321 370
321 320 322
322 272 321
323 324 373
324 323 325
325 275 324
326 276 376
327 328 377
328 278 327
329 330
330 280 329 380
331 281 381
332 382
333 334 383
334 284 333
335 285 336
336 286 335 337
337 287 336
338 339 388
339 338 389
340 290 341
341 340 342
342 341 343 392
343 293 342
344 345
345 344 346
346 345 347
347 346 397
348 298 349
349 299 348 399
350 351 400
351 350 352
352 302 351 402
353 303 403
354 355 404
355 354 356
356 355 357
357 356 407
358 359 408
359 358 409
360 310 361 410
361 360 411
362 312 412
363 313 364
364 363 414
365 366 415
366 365 367
367 366 368 417
368 367 418
369 370 419
370 320 369 420
371 372 421
372 371 373
373 323 372
374 375 424
375 374 425
376 326
377 327 378
378 377 379
379 378 429
380 330
381 331 431
382 332 383 432
383 333 382
384 385 434
385 384 386
386 385 387
387 386 437
388 338 438
389 339 439
390 391
391 390 392 441
392 342 391
393 394 443
394 393 444
395 396 445
396 395 446
397 347 398
398 397 399
399 349 398 449
400 350 450
401 402 451
402 352 401
403 353 453
404 354 405
405 404 455
406 456
407 357 408
408 358 407
409 359 459
410 360
411 361 461
412 362 413 462
413 412 463
414 364 464
415 365 416
416 415 466
417 367 467
418 368 419
419 369 418
420 370 470
421 371 422
422 421 423
423 422 424
424 374 423
425 375 426
426 425 427
427 426 428
428 427 429 478
429 379 428
430 431 480
431 381 430
432 382 433 482
433 432
434 384 484
435 436 485
436 435
437 387 438
438 388 437
439 389 440
440 439 490
441 391 442
442 441 492
443 393 493
444 394 445
445 395 444
446 396 447
447 446 448
448 447 498
449 399 499
450 400 500
451 401 501
452 502
453 403 454
454 453 504
455 405 505
456 406 457 506
457 456 458
458 457
459 409 460
460 459 461
461 411 460
462 412 512
463 413
464 414 514
465 466
466 416 465
467 417 517
468 469 518
469 468 519
470 420 471
471 470 472
472 471 473
473 472 523
474 475 524
475 474 476
476 475 526
477 478 527
478 428 477
479 480 529
480 430 479
481 482
482 432 481
483 484 533
484 434 483
485 435 535
486 487 536
487 486 488 537
488 487
489 490 539
490 440 489
491 492 541
492 442 491
493 443 494
494 493 495
495 494 545
496 546
497 498 547
498 448 497
499 449
500 450 550
501 451 502
502 452 501 503
503 502
504 454 505
505 455 504
506 456 556
507 508 557
508 507 509
509 508 510
510 509 511
511 510 512
512 462 511 513
513 512 563
514 464 515
515 514 516
516 515 566
517 467 567
518 468
519 469 520
520 519 570
521 522 571
522 521 523
523 473 522
524 474 574
525 526 575
526 476 525 576
527 477 577
528 578
529 479 530
530 529 531
531 530 581
532 533 582
533 483 532
534 535
535 485 534 536
536 486 535
537 487 587
538 539 588
539 489 538
540 590
541 491 542 591
542 541
543 544 593
544 543 594
545 495 546
546 496 545 596
547 497 597
548 549 598
549 548 599
550 500 551 600
551 550 552
552 551 553
553 552 554
554 553 555
555 554 556
556 506 555 606
557 507 558
558 557 559 608
559 558 560
560 559 561
561 560
562 563 612
563 513 562 564
564 563 614
565 615
566 516 616
567 517 568
568 567 569
569 568 619
570 520 571 620
571 521 570
572 573
573 572 623
574 524 624
575 525 625
576 526
577 527 627
578 528 579 628
579 578 580
580 579
581 531 631
582 532 583
583 582 584
584 583 585
585 584 635
586 587 636
587 537 586
588 538 589
589 588 639
590 540 591 640
591 541 590
592 593 642
593 543 592
594 544 595
595 594 596
596 546 595
597 547 598
598 548 597
599 549 649
600 550 650
601 651
602 603 652
603 602 604
604 603 605
605 604 655
606 556 607
607 606 608
608 558 607
609 610 659
610 609 611 660
611 610 612
612 562 611
613 614 663
614 564 613 615
615 565 614
616 566 666
617 618 667
618 617 619
619 569 618
620 570 670
621 622
622 621 623 672
623 573 622 673
624 574 674
625 575 626
626 625 627
627 577 626
628 578 629 678
629 628 679
630 631 680
631 581 630 681
632 633 682
633 632 634
634 633 635
635 585 634
636 586 637
637 636 638 687
638 637 688
639 589 689
640 590 641
641 640 691
642 592 643
643 642 644
644 643 694
645 646 695
646 645 647
647 646 648
648 647 698
649 599 699
650 600 700
651 601 652
652 602 651 702
653 703
654 655 704
655 605 654 705
656 657 706
657 656 658
658 657 708
659 609 709
660 610 710
661 662 711
662 661 712
663 613
664 665 714
665 664 666
666 616 665
667 617 717
668 669
669 668 670
670 620 669 671
671 670 721
672 622 722
673 623
674 624 675
675 674 725
676 677
677 676 678
678 628 677
679 629 729
680 630 730
681 631
682 632 683
683 682 684
684 683 685
685 684 686
686 685 736
687 637 737
688 638
689 639 739
690 691
691 641 690 692
692 691
693 694 743
694 644 693
695 645 696
696 695 746
697 747
698 648 748
699 649 749
700 650 701
701 700 751
702 652 703
703 653 702 753
704 654 754
705 655 706
706 656 705
707 708 757
708 658 707
709 659 759
710 660 760
711 661 761
712 662 713
713 712 763
714 664 715
715 714 716
716 715 766
717 667 767
718 719 768
719 718 769
720 721
721 671 720 722
722 672 721 772
723 724 773
724 723 725
725 675 724
726 727 776
727 726 728
728 727 778
729 679 779
730 680 731
731 730 732
732 731 733
733 732 734 783
734 733 735
735 734
736 686 786
737 687 738 787
738 737 788
739 689 740
740 739 790
741 742 791
742 741 792
743 693 744
744 743 794
745 746 795
746 696 745
747 697 748 797
748 698 747
749 699 799
750 800
751 701 801
752 802
753 703 803
754 704 804
755 756
756 755 757
757 707 756 758
758 757
759 709 809
760 710
761 711 811
762 763 812
763 713 762 764
764 763 765
765 764
766 716 816
767 717 817
768 718 818
769 719 770
770 769 771
771 770 821
772 722 822
773 723 774
774 773 775
775 774 776
776 726 775
777 778 827
778 728 777
779 729 780 829
780 779
781 782 831
782 781 832
783 733 784
784 783 785
785 784 835
786 736 836
787 737
788 738 789 838
789 788 839
790 740 791
791 741 790
792 742 793
793 792 794
794 744 793 844
795 745 845
796 797
797 747 796 798 847
798 797
799 749 849
800 750 850
801 751 851
802 752 852
803 753 853
804 754 854
805 806 855
806 805 807
807 806 808
808 807 858
809 759 859
810 811 860
811 761 810
812 762 813
813 812 814
814 813 815
815 814 816
816 766 815
817 767 867
818 768 868
819 820 869
820 819 870
821 771 871
822 772 823
823 822 824
824 823 825
825 824 875
826 827 876
827 777 826
828 829
829 779 828 879
830 831 880
831 781 830
832 782 833
833 832 834
834 833 884
835 785 836 885
836 786 835
837 838 887
838 788 837
839 789
840 841 890
841 840 842
842 841 843
843 842 893
844 794 894
845 795 846
846 845 896
847 797 897
848 849 898
849 799 848
850 800 851 900
851 801 850
852 802 853 902
853 803 852
854 804 904
855 805 905
856 857 906
857 856
858 808 859
859 809 858 909
860 810 861
861 860 862
862 861 863
863 862 913
864 865
865 864 866 915
866 865 867 916
867 817 866
868 818 869
869 819 868
870 820 920
871 821 872
872 871 873
873 872 874
874 873 924
875 825
876 826 926
877 878 927
878 877 879 928
879 829 878
880 830 881
881 880 931
882 883
883 882 884 933
884 834 883
885 835 886
886 885 936
887 837 888
888 887 889
889 888 939
890 840 891
891 890 941
892 942
893 843 943
894 844 895
895 894 896
896 846 895
897 847 947
898 848 899
899 898 949
900 850 950
901 902
902 852 901 903 952
903 902
904 854 954
905 855 955
906 856 907 956
907 906 908
908 907 909
909 859 908 910
910 909 960
911 912 961
912 911 962
913 863 914
914 913 964
915 865 965
916 866 917
917 916 918
918 917 968
919 920 969
920 870 919
921 922
922 921 923
923 922 973
924 874 925
925 924 926
926 876 925
927 877 977
928 878
929 930 979
930 929 980
931 881 932 981
932 931 982
933 883 983
934 935
935 934 985
936 886 937
937 936 938
938 937 939 988
939 889 938
940 941 990
941 891 940
942 892 943 992
943 893 942
944 945
945 944 946
946 945 947
947 897 946 997
948 998
949 899 999
950 900 951
951 950 1001
952 902 1002
953 954 1003
954 904 953
955 905 1005
956 906 957
957 956
958 959 1008
959 958 1009
960 910 1010
961 911 1011
962 912 1012
963 1013
964 914 1014
965 915 966
966 965 967
967 966 1017
968 918 1018
969 919 970
970 969 971
971 970 972
972 971 973
973 923 972 974
974 973 975
975 974 976
976 975 977
977 927 976 1027
978 979 1028
979 929 978
980 930 1030
981 931
982 932 1032
983 933 984
984 983 1034
985 935 986 1035
986 985 1036
987 988 1037
988 938 987
989 990 1039
990 940 989
991 992 1041
992 942 991
993 994 1043
994 993 995
995 994 996
996 995 1046
997 947 998
998 948 997
999 949 1049
1000 1050
1001 951 1051
1002 952
1003 953 1004
1004 1003 1054
1005 955 1006
1006 1005 1007
1007 1006 1008
1008 958 1007
1009 959 1059
1010 960 1060
1011 961 1061
1012 962 1013
1013 963 1012
1014 964 1015
1015 1014 1065
1016 1066
1017 967 1067
1018 968 1019
1019 1018 1020
1020 1019 1021 1070
1021 1020 1022
1022 1021 1023
1023 1022 1024
1024 1023 1074
1025 1075
1026 1027 1076
1027 977 1026
1028 978 1029
1029 1028 1079
1030 980 1031
1031 1030 1032
1032 982 1031
1033 1083
1034 984 1084
1035 985 1085
1036 986 1037
1037 987 1036
1038 1039 1088
1039 989 1038
1040 1041 1090
1041 991 1040
1042 1043 1092
1043 993 1042
1044 1045
1045 1044 1095
1046 996 1096
1047 1048 1097
1048 1047 1049
1049 999 1048 1099
1050 1000 1100
1051 1001 1101
1052 1053 1102
1053 1052 1054
1054 1004 1053 1104
1055 1056
1056 1055 1057
1057 1056 1107
1058 1059 1108
1059 1009 1058
1060 1010 1061
1061 1011 1060 1111
1062 1063 1112
1063 1062 1064
1064 1063 1065
1065 1015 1064
1066 1016 1116
1067 1017 1117
1068 1069 1118
1069 1068
1070 1020 1071
1071 1070 1121
1072 1073
1073 1072 1074
1074 1024 1073 1075
1075 1025 1074
1076 1026 1077 1126
1077 1076
1078 1079 1128
1079 1029 1078
1080 1081 1130
1081 1080 1082
1082 1081 1132
1083 1033 1084 1133
1084 1034 1083
1085 1035
1086 1087 1136
1087 1086 1137
1088 1038 1138
1089 1090 1139
1090 1040 1089
1091 1092 1141
1092 1042 1091 1093
1093 1092 1094
1094 1093 1144
1095 1045 1096
1096 1046 1095 1097
1097 1047 1096
1098 1099 1148
1099 1049 1098
1100 1050 1150
1101 1051 1151
1102 1052 1152
1103 1153
1104 1054 1105
1105 1104 1155
1106 1107 1156
1107 1057 1106
1108 1058 1109
1109 1108 1110
1110 1109 1160
1111 1061 1161
1112 1062 1113
1113 1112 1114
1114 1113 1115
1115 1114 1165
1116 1066 1166
1117 1067 1118
1118 1068 1117 1168
1119 1120 1169
1120 1119 1121 1170
1121 1071 1120
1122 1123 1172
1123 1122 1124
1124 1123 1125
1125 1124 1175
1126 1076 1176
1127 1128 1177
1128 1078 1127
1129 1130 1179
1130 1080 1129 1131
1131 1130 1181
1132 1082
1133 1083 1183
1134 1135 1184
1135 1134 1136
1136 1086 1135
1137 1087 1187
1138 1088 1188
1139 1089 1189
1140 1141 1190
1141 1091 1140
1142 1143
1143 1142 1193
1144 1094 1145
1145 1144 1146
1146 1145 1196
1147 1197
1148 1098 1149
1149 1148 1199
1150 1100 1200
1151 1101 1201
1152 1102 1202
1153 1103 1203
1154 1155 1204
1155 1105 1154 1156
1156 1106 1155
1157 1158 1207
1158 1157 1159
1159 1158 1160
1160 1110 1159 1210
1161 1111
1162 1163 1212
1163 1162 1213
1164 1165 1214
1165 1115 1164
1166 1116 1167
1167 1166 1168
1168 1118 1167
1169 1119 1219
1170 1120
1171 1172 1221
1172 1122 1171
1173 1174
1174 1173 1224
1175 1125 1225
1176 1126 1226
1177 1127 1178
1178 1177 1228
1179 1129 1180
1180 1179
1181 1131 1182
1182 1181 1232
1183 1133 1233
1184 1134 1185
1185 1184 1235
1186 1187 1236
1187 1137 1186
1188 1138 1238
1189 1139 1239
1190 1140 1191
1191 1190 1192
1192 1191 1193
1193 1143 1192
1194 1195 1244
1195 1194 1245
1196 1146 1246
1197 1147 1198 1247
1198 1197
1199 1149 1249
1200 1150 1250
1201 1151 1251
1202 1152 1252
1203 1153 1204 1253
1204 1154 1203
1205 1255
1206 1207 1256
1207 1157 1206
1208 1209
1209 1208 1210
1210 1160 1209
1211 1212 1261
1212 1162 1211
1213 1163 1263
1214 1164 1264
1215 1216 1265
1216 1215 1217
1217 1216 1218
1218 1217 1219
1219 1169 1218 1269
1220 1221 1270
1221 1171 1220
1222 1223 1272
1223 1222 1224 1273
1224 1174 1223
1225 1175 1275
1226 1176 1276
1227 1277
1228 1178 1229
1229 1228 1230
1230 1229 1231
1231 1230 1281
1232 1182 1233
1233 1183 1232 1283
1234 1235 1284
1235 1185 1234 1285
1236 1186 1237
1237 1236 1238
1238 1188 1237
1239 1189 1240
1240 1239 1290
1241 1242 1291
1242 1241 1243
1243 1242 1244
1244 1194 1243
1245 1195 1246
1246 1196 1245
1247 1197 1248 1297
1248 1247 1298
1249 1199 1299
1250 1200 1300
1251 1201 1301
1252 1202 1302
1253 1203 1303
1254 1255
1255 1205 1254 1305
1256 1206 1306
1257 1258 1307
1258 1257 1259
1259 1258 1260
1260 1259 1261
1261 1211 1260
1262 1312
1263 1213 1313
1264 1214 1314
1265 1215 1315
1266 1267 1316
1267 1266 1317
1268 1269 1318
1269 1219 1268
1270 1220 1320
1271 1272
1272 1222 1271 1322
1273 1223 1274
1274 1273 1324
1275 1225 1276
1276 1226 1275 1277
1277 1227 1276
1278 1279 1328
1279 1278 1280
1280 1279 1330
1281 1231 1282
1282 1281 1332
1283 1233 1284
1284 1234 1283
1285 1235 1335
1286 1287 1336
1287 1286 1288
1288 1287 1338
1289 1339
1290 1240 1340
1291 1241 1292 1341
1292 1291 1342
1293 1294 1343
1294 1293 1295
1295 1294 1296 1345
1296 1295
1297 1247 1347
1298 1248 1299
1299 1249 1298
1300 1250 1350
1301 1251 1302
1302 1252 1301
1303 1253 1304
1304 1303 1354
1305 1255 1355
1306 1256 1307
1307 1257 1306
1308 1309 1358
1309 1308
1310 1311 1360
1311 1310 1312
1312 1262 1311 1362
1313 1263 1363
1314 1264 1364
1315 1265 1316
1316 1266 1315
1317 1267 1367
1318 1268 1368
1319 1369
1320 1270 1321
1321 1320 1371
1322 1272 1323
1323 1322 1373
1324 1274 1374
1325 1326 1375
1326 1325 1376
1327 1328 1377
1328 1278 1327
1329 1330
1330 1280 1329 1331
1331 1330 1332
1332 1282 1331
1333 1334
1334 1333 1335
1335 1285 1334 1385
1336 1286 1386
1337 1338 1387
1338 1288 1337
1339 1289 1340
1340 1290 1339 1390
1341 1291
1342 1292 1392
1343 1293
1344 1345 1394
1345 1295 1344 1395
1346 1347 1396
1347 1297 1346
1348 1349 1398
1349 1348 1399
1350 1300 1351 1400
1351 1350 1352
1352 1351 1353
1353 1352
1354 1304 1404
1355 1305 1356
1356 1355 1357 1406
1357 1356 1407
1358 1308 1359
1359 1358 1360
1360 1310 1359 1410
1361 1411
1362 1312 1412
1363 1313 1364
1364 1314 1363
1365 1366 1415
1366 1365 1367
1367 1317 1366
1368 1318 1418
1369 1319 1370 1419
1370 1369 1420
1371 1321 1421
1372 1373
1373 1323 1372
1374 1324 1375
1375 1325 1374
1376 1326 1426
1377 1327 1427
1378 1379 1428
1379 1378 1429
1380 1381 1430
1381 1380 1431
1382 1383 1432
1383 1382 1384
1384 1383 1434
1385 1335
1386 1336 1436
1387 1337 1388
1388 1387 1389
1389 1388 1439
1390 1340 1391
1391 1390 1392
1392 1342 1391
1393 1394 1443
1394 1344 1393
1395 1345
1396 1346 1397
1397 1396 1447
1398 1348
1399 1349 1449
1400 1350 1450
1401 1402 1451
1402 1401 1403
1403 1402 1453
1404 1354 1405
1405 1404 1406
1406 1356 1405
1407 1357 1408
1408 1407 1409
1409 1408 1459
1410 1360 1460
1411 1361 1461
1412 1362 1413
1413 1412 1414
1414 1413 1415 1464
1415 1365 1414
1416 1417
1417 1416 1467
1418 1368 1468
1419 1369
1420 1370 1470
1421 1371 1471
1422 1423 1472
1423 1422 1424
1424 1423 1474
1425 1426 1475
1426 1376 1425 1476
1427 1377 1428
1428 1378 1427
1429 1379 1479
1430 1380 1480
1431 1381 1481
1432 1382 1433 1482
1433 1432
1434 1384 1435
1435 1434 1485
1436 1386 1486
1437 1438 1487
1438 1437
1439 1389 1489
1440 1441 1490
1441 1440 1442
1442 1441
1443 1393 1444 1493
1444 1443 1445
1445 1444 1446
1446 1445 1496
1447 1397 1448
1448 1447 1449
1449 1399 1448 1499
1450 1400 1500
1451 1401 1501
1452 1502
1453 1403 1454
1454 1453 1455
1455 1454 1456
1456 1455 1457
1457 1456 1458
1458 1457 1459
1459 1409 1458
1460 1410 1461
1461 1411 1460 1511
1462 1463 1512
1463 1462 1513
1464 1414 1465
1465 1464 1515
1466 1467 1516
1467 1417 1466
1468 1418 1518
1469 1470 1519
1470 1420 1469
1471 1421 1472
1472 1422 1471
1473 1523
1474 1424 1475
1475 1425 1474
1476 1426 1526
1477 1478 1527
1478 1477 1528
1479 1429 1529
1480 1430 1530
1481 1431 1531
1482 1432 1532
1483 1484 1533
1484 1483 1485
1485 1435 1484
1486 1436 1536
1487 1437 1488
1488 1487 1538
1489 1439 1539
1490 1440 1491
1491 1490 1492
1492 1491 1493
1493 1443 1492 1494
1494 1493 1495
1495 1494 1545
1496 1446 1497
1497 1496 1498 1547
1498 1497 1548
1499 1449 1549
1500 1450 1550
1501 1451 1502
1502 1452 1501 1503
1503 1502 1553
1504 1505
1505 1504 1506
1506 1505 1556
1507 1508 1557
1508 1507 1509
1509 1508 1510 1559
1510 1509 1560
1511 1461
1512 1462 1562
1513 1463 1514
1514 1513 1515
1515 1465 1514
1516 1466 1566
1517 1518 1567
1518 1468 1517
1519 1469 1520
1520 1519 1521 1570
1521 1520 1522 1571
1522 1521 1523 1572
1523 1473 1522
1524 1525 1574
1525 1524 1526
1526 1476 1525
1527 1477 1577
1528 1478
1529 1479 1530
1530 1480 1529
1531 1481 1581
1532 1482 1582
1533 1483 1534
1534 1533 1535
1535 1534 1585
1536 1486 1586
1537 1538 1587
1538 1488 1537 1588
1539 1489 1540
1540 1539 1541
1541 1540 1542
1542 1541 1592
1543 1544 1593
1544 1543 1545
1545 1495 1544
1546 1547 1596
1547 1497 1546
1548 1498
1549 1499 1599
1550 1500 1551
1551 1550 1552
1552 1551 1602
1553 1503 1554
1554 1553 1604
1555 1556 1605
1556 1506 1555
1557 1507 1558
1558 1557 1608
1559 1509 1609
1560 1510 1561
1561 1560 1562
1562 1512 1561
1563 1613
1564 1565 1614
1565 1564 1566 1615
1566 1516 1565 1616
1567 1517 1617
1568 1569 1618
1569 1568 1619
1570 1520
1571 1521 1621
1572 1522
1573 1574 1623
1574 1524 1573
1575 1576
1576 1575 1577
1577 1527 1576 1578
1578 1577 1579
1579 1578 1580
1580 1579 1630
1581 1531 1631
1582 1532 1632
1583 1584 1633
1584 1583 1634
1585 1535 1586
1586 1536 1585
1587 1537 1637
1588 1538 1638
1589 1590 1639
1590 1589 1591
1591 1590
1592 1542 1642
1593 1543 1643
1594 1595 1644
1595 1594 1596
1596 1546 1595 1646
1597 1598 1647
1598 1597 1599
1599 1549 1598
1600 1601 1650
1601 1600 1602
1602 1552 1601 1603
1603 1602 1653
1604 1554 1654
1605 1555 1606
1606 1605 1607 1656
1607 1606 1608
1608 1558 1607
1609 1559 1659
1610 1611 1660
1611 1610 1612
1612 1611
1613 1563 1614 1663
1614 1564 1613
1615 1565 1665
1616 1566
1617 1567 1667
1618 1568 1668
1619 1569 1669
1620 1621 1670
1621 1571 1620 1671
1622 1623 1672
1623 1573 1622
1624 1625 1674
1625 1624 1626
1626 1625 1627
1627 1626 1677
1628 1629 1678
1629 1628 1630
1630 1580 1629 1680
1631 1581 1632
1632 1582 1631
1633 1583 1683
1634 1584 1635 1684
1635 1634 1636
1636 1635 1637
1637 1587 1636
1638 1588 1639
1639 1589 1638
1640 1641 1690
1641 1640 1642
1642 1592 1641
1643 1593 1693
1644 1594 1645
1645 1644 1695
1646 1596 1696
1647 1597 1648
1648 1647 1698
1649 1699
1650 1600 1700
1651 1701
1652 1653 1702
1653 1603 1652
1654 1604 1655
1655 1654 1705
1656 1606 1657
1657 1656 1658
1658 1657 1708
1659 1609 1709
1660 1610 1710
1661 1662 1711
1662 1661 1663
1663 1613 1662
1664 1714
1665 1615 1715
1666 1667 1716
1667 1617 1666
1668 1618 1718
1669 1619 1719
1670 1620 1720
1671 1621
1672 1622 1673
1673 1672 1723
1674 1624 1724
1675 1676
1676 1675 1677
1677 1627 1676 1678
1678 1628 1677
1679 1680 1729
1680 1630 1679
1681 1682 1731
1682 1681 1683
1683 1633 1682
1684 1634 1685
1685 1684 1686
1686 1685 1687
1687 1686 1688
1688 1687 1689
1689 1688 1739
1690 1640 1691
1691 1690 1741
1692 1693
1693 1643 1692 1694
1694 1693
1695 1645 1745
1696 1646 1697
1697 1696
1698 1648 1748
1699 1649 1749
1700 1650 1750
1701 1651 1702
1702 1652 1701
1703 1704 1753
1704 1703 1705
1705 1655 1704
1706 1707
1707 1706 1757
1708 1658 1758
1709 1659 1759
1710 1660 1711
1711 1661 1710 1761
1712 1713
1713 1712 1714
1714 1664 1713 1764
1715 1665 1765
1716 1666 1717
1717 1716 1718
1718 1668 1717
1719 1669 1769
1720 1670 1721
1721 1720 1771
1722 1723 1772
1723 1673 1722
1724 1674 1725 1774
1725 1724 1726
1726 1725 1727
1727 1726 1728
1728 1727 1778
1729 1679 1779
1730 1731
1731 1681 1730 1732
1732 1731
1733 1734 1783
1734 1733 1735
1735 1734 1785
1736 1737 1786
1737 1736 1787
1738 1739 1788
1739 1689 1738 1740
1740 1739 1790
1741 1691 1742
1742 1741 1792
1743 1744 1793
1744 1743 1794
1745 1695 1746
1746 1745 1747
1747 1746 1748
1748 1698 1747 1798
1749 1699 1799
1750 1700 1751
1751 1750 1752
1752 1751 1802
1753 1703 1754
1754 1753 1804
1755 1756 1805
1756 1755 1806
1757 1707 1758
1758 1708 1757
1759 1709 1760
1760 1759 1810
1761 1711 1762
1762 1761 1763
1763 1762 1813
1764 1714 1814
1765 1715 1766 1815
1766 1765 1767 1816
1767 1766 1768
1768 1767
1769 1719 1770 1819
1770 1769 1771
1771 1721 1770
1772 1722 1822
1773 1774 1823
1774 1724 1773
1775 1776 1825
1776 1775 1777
1777 1776 1827
1778 1728 1828
1779 1729 1780
1780 1779 1781
1781 1780 1782
1782 1781 1783
1783 1733 1782
1784 1834
1785 1735 1786
1786 1736 1785
1787 1737 1788
1788 1738 1787
1789 1839
1790 1740 1840
1791 1841
1792 1742 1793
1793 1743 1792
1794 1744 1844
1795 1796 1845
1796 1795 1797
1797 1796 1847
1798 1748 1848
1799 1749 1849
1800 1801 1850
1801 1800 1851
1802 1752 1803
1803 1802 1853
1804 1754 1805
1805 1755 1804
1806 1756 1856
1807 1808 1857
1808 1807 1809
1809 1808 1810
1810 1760 1809
1811 1812 1861
1812 1811
1813 1763 1814
1814 1764 1813 1864
1815 1765 1865
1816 1766
1817 1818 1867
1818 1817 1819
1819 1769 1818
1820 1821 1870
1821 1820 1822
1822 1772 1821
1823 1773
1824 1825 1874
1825 1775 1824
1826 1827 1876
1827 1777 1826
1828 1778 1829
1829 1828 1879
1830 1831 1880
1831 1830 1832
1832 1831
1833 1834 1883
1834 1784 1833 1884
1835 1836 1885
1836 1835 1837 1886
1837 1836 1838
1838 1837 1839
1839 1789 1838 1889
1840 1790 1890
1841 1791 1891
1842 1843 1892
1843 1842 1893
1844 1794 1845
1845 1795 1844
1846 1847 1896
1847 1797 1846
1848 1798 1849
1849 1799 1848 1899
1850 1800 1900
1851 1801 1852
1852 1851 1853
1853 1803 1852 1854
1854 1853 1855
1855 1854
1856 1806 1906
1857 1807 1858
1858 1857 1859
1859 1858 1860
1860 1859 1910
1861 1811 1862
1862 1861 1863
1863 1862 1864
1864 1814 1863
1865 1815 1915
1866 1867 1916
1867 1817 1866
1868 1869 1918
1869 1868 1919
1870 1820 1920
1871 1872 1921
1872 1871 1873
1873 1872 1874
1874 1824 1873
1875 1925
1876 1826 1926
1877 1878 1927
1878 1877 1879
1879 1829 1878
1880 1830 1930
1881 1882 1931
1882 1881 1883
1883 1833 1882
1884 1834 1885
1885 1835 1884
1886 1836 1936
1887 1888 1937
1888 1887 1938
1889 1839 1939
1890 1840 1940
1891 1841 1892
1892 1842 1891
1893 1843 1894
1894 1893 1895 1944
1895 1894 1945
1896 1846 1946
1897 1947
1898 1899 1948
1899 1849 1898
1900 1850 1950
1901 1902 1951
1902 1901 1903
1903 1902 1904
1904 1903 1905
1905 1904 1955
1906 1856 1956
1907 1908 1957
1908 1907 1909
1909 1908 1959
1910 1860 1911
1911 1910 1961
1912 1913 1962
1913 1912 1963
1914 1915 1964
1915 1865 1914
1916 1866 1917
1917 1916 1967
1918 1868 1968
1919 1869 1969
1920 1870 1921
1921 1871 1920
1922 1923 1972
1923 1922 1924
1924 1923 1925
1925 1875 1924 1975
1926 1876 1927
1927 1877 1926
1928 1929 1978
1929 1928 1979
1930 1880 1931 1980
1931 1881 1930
1932 1933 1982
1933 1932 1934
1934 1933 1935
1935 1934 1985
1936 1886 1986
1937 1887 1987
1938 1888 1939
1939 1889 1938
1940 1890 1941
1941 1940 1942
1942 1941 1992
1943 1944 1993
1944 1894 1943 1994
1945 1895
1946 1896 1996
1947 1897 1948
1948 1898 1947 1949
1949 1948
1950 1900 1951 2000
1951 1901 1950 1952
1952 1951 1953
1953 1952
1954 1955 2004
1955 1905 1954
1956 1906 2006
1957 1907 2007
1958 2008
1959 1909 1960 2009
1960 1959 1961
1961 1911 1960
1962 1912 2012
1963 1913 2013
1964 1914 1965
1965 1964 1966 2015
1966 1965 2016
1967 1917 2017
1968 1918
1969 1919 1970 2019
1970 1969 1971
1971 1970
1972 1922 1973 2022
1973 1972
1974 1975 2024
1975 1925 1974 1976
1976 1975 2026
1977 1978 2027
1978 1928 1977
1979 1929 2029
1980 1930 2030
1981 2031
1982 1932 2032
1983 1984
1984 1983 1985
1985 1935 1984 2035
1986 1936 2036
1987 1937 1988
1988 1987 1989
1989 1988 1990
1990 1989 1991
1991 1990 2041
1992 1942 1993
1993 1943 1992
1994 1944 2044
1995 1996 2045
1996 1946 1995
1997 1998 2047
1998 1997 1999
1999 1998 2049
2000 1950 2050
2001 2002 2051
2002 2001 2003
2003 2002 2004 2053
2004 1954 2003
2005 2006 2055
2006 1956 2005
2007 1957 2057
2008 1958 2009 2058
2009 1959 2008
2010 2011 2060
2011 2010 2012
2012 1962 2011
2013 1963 2014
2014 2013 2064
2015 1965
2016 1966 2017 2066
2017 1967 2016
2018 2019 2068
2019 1969 2018 2069
2020 2021 2070
2021 2020 2022
2022 1972 2021
2023 2024 2073
2024 1974 2023
2025 2075
2026 1976 2076
2027 1977
2028 2029 2078
2029 1979 2028
2030 1980 2031
2031 1981 2030 2081
2032 1982 2033
2033 2032 2034
2034 2033 2084
2035 1985 2036
2036 1986 2035
2037 2038 2087
2038 2037 2039
2039 2038 2040
2040 2039 2090
2041 1991 2042
2042 2041
2043 2044 2093
2044 1994 2043
2045 1995 2046
2046 2045 2047
2047 1997 2046 2048
2048 2047
2049 1999 2099
2050 2000
2051 2001 2101
2052 2053 2102
2053 2003 2052
2054 2055 2104
2055 2005 2054
2056 2057 2106
2057 2007 2056 2107
2058 2008
2059 2060 2109
2060 2010 2059
2061 2062
2062 2061 2063 2112
2063 2062 2113
2064 2014 2065
2065 2064 2115
2066 2016 2067
2067 2066 2068
2068 2018 2067
2069 2019 2119
2070 2020 2120
2071 2072 2121
2072 2071 2122
2073 2023 2074
2074 2073 2124
2075 2025 2125
2076 2026 2077
2077 2076 2127
2078 2028 2079
2079 2078 2080 2129
2080 2079
2081 2031 2131
2082 2083
2083 2082 2133
2084 2034 2134
2085 2086 2135
2086 2085 2087
2087 2037 2086 2088
2088 2087 2089
2089 2088
2090 2040 2091
2091 2090 2141
2092 2093 2142
2093 2043 2092
2094 2095
2095 2094 2096 2145
2096 2095 2097 2146
2097 2096
2098 2099 2148
2099 2049 2098 2149
2100 2101 2150
2101 2051 2100
2102 2052 2103
2103 2102 2153
2104 2054 2154
2105 2106 2155
2106 2056 2105
2107 2057
2108 2109 2158
2109 2059 2108
2110 2111 2160
2111 2110 2112
2112 2062 2111
2113 2063 2114 2163
2114 2113
2115 2065 2116
2116 2115 2117 2166
2117 2116 2118
2118 2117 2168
2119 2069
2120 2070 2121
2121 2071 2120
2122 2072 2172
2123 2124 2173
2124 2074 2123 2174
2125 2075 2126
2126 2125 2127
2127 2077 2126 2128
2128 2127 2129 2178
2129 2079 2128
2130 2131 2180
2131 2081 2130
2132 2133 2182
2133 2083 2132
2134 2084 2135
2135 2085 2134
2136 2186
2137 2138 2187
2138 2137 2139
2139 2138 2140
2140 2139 2190
2141 2091 2142
2142 2092 2141 2143
2143 2142 2144
2144 2143 2194
2145 2095 2195
2146 2096 2196
2147 2148 2197
2148 2098 2147
2149 2099
2150 2100 2200
2151 2152 2201
2152 2151 2202
2153 2103
2154 2104 2204
2155 2105 2156 2205
2156 2155 2157
2157 2156 2207
2158 2108 2208
2159 2160 2209
2160 2110 2159 2161
2161 2160 2211
2162 2163 2212
2163 2113 2162
2164 2165 2214
2165 2164 2215
2166 2116 2167
2167 2166
2168 2118 2169
2169 2168 2170
2170 2169 2171 2220
2171 2170 2172
2172 2122 2171
2173 2123 2223
2174 2124
2175 2176 2225
2176 2175 2226
2177 2178
2178 2128 2177
2179 2180 2229
2180 2130 2179
2181 2182 2231
2182 2132 2181 2183
2183 2182 2184 2233
2184 2183 2185
2185 2184 2186
2186 2136 2185 2236
2187 2137 2237
2188 2189
2189 2188 2239
2190 2140 2191
2191 2190 2192
2192 2191 2193
2193 2192 2243
2194 2144 2195
2195 2145 2194
2196 2146 2246
2197 2147 2198
2198 2197 2199
2199 2198 2249
2200 2150 2201 2250
2201 2151 2200
2202 2152 2203
2203 2202 2204
2204 2154 2203
2205 2155 2255
2206 2256
2207 2157 2208
2208 2158 2207
2209 2159 2210
2210 2209 2260
2211 2161 2261
2212 2162 2213 2262
2213 2212
2214 2164 2264
2215 2165 2216
2216 2215 2217
2217 2216 2218
2218 2217 2219
2219 2218 2269
2220 2170 2221
2221 2220 2271
2222 2272
2223 2173 2224
2224 2223 2225
2225 2175 2224
2226 2176 2227
2227 2226 2228
2228 2227 2278
2229 2179 2279
2230 2231
2231 2181 2230 2232
2232 2231
2233 2183 2283
2234 2235 2284
2235 2234 2285
2236 2186
2237 2187 2287
2238 2239 2288
2239 2189 2238 2240
2240 2239 2241
2241 2240 2242
2242 2241
2243 2193 2244
2244 2243 2294
2245 2246 2295
2246 2196 2245
2247 2248
2248 2247 2298
2249 2199 2299
2250 2200 2251
2251 2250 2301
2252 2253 2302
2253 2252 2254
2254 2253
2255 2205 2305
2256 2206 2257
2257 2256 2258
2258 2257 2259
2259 2258 2260 2309
2260 2210 2259
2261 2211 2311
2262 2212 2312
2263 2264 2313
2264 2214 2263
2265 2266 2315
2266 2265 2267 2316
2267 2266 2268
2268 2267
2269 2219 2270
2270 2269 2320
2271 2221 2272
2272 2222 2271 2273
2273 2272 2274
2274 2273 2275
2275 2274 2325
2276 2277 2326
2277 2276 2278 2327
2278 2228 2277
2279 2229 2280
2280 2279 2330
2281 2282 2331
2282 2281 2283
2283 2233 2282 2333
2284 2234 2334
2285 2235 2335
2286 2287 2336
2287 2237 2286
2288 2238 2289 2338
2289 2288 2290
2290 2289 2291
2291 2290 2341
2292 2293 2342
2293 2292 2294
2294 2244 2293
2295 2245 2296
2296 2295 2297
2297 2296 2347
2298 2248 2348
2299 2249 2349
2300 2350
2301 2251 2351
2302 2252 2352
2303 2304 2353
2304 2303 2305
2305 2255 2304 2306
2306 2305 2307
2307 2306 2308
2308 2307 2358
2309 2259 2310
2310 2309
2311 2261 2361
2312 2262 2362
2313 2263 2363
2314 2315 2364
2315 2265 2314 2365
2316 2266
2317 2318 2367
2318 2317 2319
2319 2318 2320
2320 2270 2319
2321 2322 2371
2322 2321 2372
2323 2324 2373
2324 2323 2374
2325 2275
2326 2276 2376
2327 2277
2328 2329 2378
2329 2328 2330
2330 2280 2329
2331 2281 2332
2332 2331 2382
2333 2283 2383
2334 2284 2384
2335 2285 2336
2336 2286 2335
2337 2387
2338 2288 2388
2339 2389
2340 2341 2390
2341 2291 2340
2342 2292 2392
2343 2344
2344 2343 2345
2345 2344 2346 2395
2346 2345 2347
2347 2297 2346 2348
2348 2298 2347
2349 2299 2399
2350 2300 2400
2351 2301 2401
2352 2302 2353 2402
2353 2303 2352 2354
2354 2353
2355 2356 2405
2356 2355 2406
2357 2358
2358 2308 2357 2359
2359 2358 2360
2360 2359 2410
2361 2311 2411
2362 2312 2412
2363 2313 2413
2364 2314
2365 2315 2366
2366 2365 2416
2367 2317 2368
2368 2367 2418
2369 2370 2419
2370 2369 2371
2371 2321 2370
2372 2322 2422
2373 2323 2423
2374 2324 2375
2375 2374 2425
2376 2326 2377
2377 2376 2378
2378 2328 2377 2379
2379 2378 2380 2429
2380 2379 2381
2381 2380 2382
2382 2332 2381
2383 2333
2384 2334 2434
2385 2386 2435
2386 2385 2387
2387 2337 2386 2437
2388 2338 2438
2389 2339 2439
2390 2340 2391
2391 2390 2392
2392 2342 2391
2393 2394 2443
2394 2393 2444
2395 2345 2396
2396 2395
2397 2398 2447
2398 2397 2399
2399 2349 2398 2449
2400 2350 2450
2401 2351 2451
2402 2352
2403 2404 2453
2404 2403 2405
2405 2355 2404
2406 2356 2407
2407 2406 2457
2408 2409
2409 2408 2410
2410 2360 2409 2411
2411 2361 2410
2412 2362
2413 2363 2414
2414 2413 2415
2415 2414 2465
2416 2366 2417 2466
2417 2416 2467
2418 2368 2468
2419 2369 2420
2420 2419 2470
2421 2471
2422 2372 2472
2423 2373 2473
2424 2474
2425 2375 2426
2426 2425 2476
2427 2428 2477
2428 2427 2478
2429 2379
2430 2431 2480
2431 2430 2481
2432 2433 2482
2433 2432 2483
2434 2384 2484
2435 2385 2436 2485
2436 2435 2486
2437 2387
2438 2388 2488
2439 2389 2440 2489
2440 2439 2441
2441 2440 2442
2442 2441 2492
2443 2393 2493
2444 2394 2445
2445 2444 2495
2446 2447 2496
2447 2397 2446
2448 2449 2498
2449 2399 2448
2450 2400 2451
2451 2401 2450 2452
2452 2451 2453
2453 2403 2452
2454 2455
2455 2454 2456
2456 2455 2457
2457 2407 2456 2458
2458 2457 2459
2459 2458 2460
2460 2459 2461
2461 2460 2462
2462 2461 2463
2463 2462 2464
2464 2463 2465
2465 2415 2464
2466 2416
2467 2417 2468
2468 2418 2467 2469
2469 2468 2470
2470 2420 2469
2471 2421 2472
2472 2422 2471 2473
2473 2423 2472
2474 2424 2475
2475 2474 2476
2476 2426 2475 2477
2477 2427 2476
2478 2428 2479
2479 2478 2480
2480 2430 2479
2481 2431 2482
2482 2432 2481
2483 2433 2484
2484 2434 2483
2485 2435
2486 2436 2487
2487 2486 2488
2488 2438 2487 2489
2489 2439 2488
2490 2491
2491 2490 2492
2492 2442 2491 2493
2493 2443 2492
2494 2495
2495 2445 2494 2496
2496 2446 2495
2497 2498
2498 2448 2497 2499
2499 2498
